t  1  2  3  jxH0100
0  -2.19283  -5  -5  -2.19283
0.01  -2.10191  -4.8  -4.8  -2.10191
0.02  -2.02348  -4.6  -4.6  -2.02348
0.03  -1.94429  -4.4  -4.4  -1.94429
0.04  -1.86435  -4.2  -4.2  -1.86435
0.05  -1.78364  -4  -4  -1.78364
0.06  -1.70216  -3.8  -3.8  -1.70216
0.07  -1.6199  -3.6  -3.6  -1.6199
0.08  -1.53686  -3.4  -3.4  -1.53686
0.09  -1.45303  -3.2  -3.2  -1.45303
0.1  -1.3684  -3  -3  -1.3684
0.11  -1.28298  -2.8  -2.8  -1.28298
0.12  -1.19676  -2.6  -2.6  -1.19676
0.13  -1.10972  -2.4  -2.4  -1.10972
0.14  -1.02187  -2.2  -2.2  -1.02187
0.15  -0.933197  -2  -2  -0.933197
0.16  -0.843697  -1.8  -1.8  -0.843697
0.17  -0.753363  -1.6  -1.6  -0.753363
0.18  -0.662191  -1.4  -1.4  -0.662191
0.19  -0.570174  -1.2  -1.2  -0.570174
0.2  -0.477306  -1  -1  -0.477306
0.21  -0.383582  -0.8  -0.8  -0.383582
0.22  -0.288996  -0.6  -0.6  -0.288996
0.23  -0.0184326  -0.4  -0.4  -0.0184326
0.24  -0.00924846  -0.2  -0.2  -0.00924846
0.25  2.05595e-17  8.88178e-16  8.88178e-16  2.05595e-17
0.26  0.00931316  0.2  0.2  0.00931316
0.27  0.0186914  0.4  0.4  0.0186914
0.28  0.296977  0.6  0.6  0.296977
0.29  0.846974  0.8  0.8  0.846974
0.3  1.08689  1  1  1.08689
0.31  1.30427  1.2  1.2  1.30427
0.32  1.52165  1.4  1.4  1.52165
0.33  1.73903  1.6  1.6  1.73903
0.34  1.95641  1.8  1.8  1.95641
0.35  2.17378  2  2  2.17378
0.36  2.39116  2.2  2.2  2.39116
0.37  2.60854  2.4  2.4  2.60854
0.38  2.82592  2.6  2.6  2.82592
0.39  3.0433  2.8  2.8  3.0433
0.4  3.26068  3  3  3.26068
0.41  3.47805  3.2  3.2  3.47805
0.42  3.69543  3.4  3.4  3.69543
0.43  3.91281  3.6  3.6  3.91281
0.44  4.13019  3.8  3.8  4.13019
0.45  4.34757  4  4  4.34757
0.46  4.56495  4.2  4.2  4.56495
0.47  4.78233  4.4  4.4  4.78233
0.48  4.9997  4.6  4.6  4.9997
0.49  5.21708  4.8  4.8  5.21708
0.5  5.43446  5  5  5.43446
0.51  5.21708  4.8  4.8  5.21708
0.52  4.9997  4.6  4.6  4.9997
0.53  4.78233  4.4  4.4  4.78233
0.54  4.56495  4.2  4.2  4.56495
0.55  4.34757  4  4  4.34757
0.56  4.13019  3.8  3.8  4.13019
0.57  3.91281  3.6  3.6  3.91281
0.58  3.69543  3.4  3.4  3.69543
0.59  3.47805  3.2  3.2  3.47805
0.6  3.26068  3  3  3.26068
0.61  3.0433  2.8  2.8  3.0433
0.62  2.82592  2.6  2.6  2.82592
0.63  2.60854  2.4  2.4  2.60854
0.64  2.39116  2.2  2.2  2.39116
0.65  2.17378  2  2  2.17378
0.66  1.95641  1.8  1.8  1.95641
0.67  1.73903  1.6  1.6  1.73903
0.68  1.52165  1.4  1.4  1.52165
0.69  1.30427  1.2  1.2  1.30427
0.7  1.08689  1  1  1.08689
0.71  0.420311  0.8  0.8  0.420311
0.72  0.297108  0.6  0.6  0.297108
0.73  0.0187788  0.4  0.4  0.0187788
0.74  0.00935663  0.2  0.2  0.00935663
0.75  -4.29561e-16  -8.88178e-15  -8.88178e-15  -4.29561e-16
0.76  -0.00929153  -0.2  -0.2  -0.00929153
0.77  -0.0185184  -0.4  -0.4  -0.0185184
0.78  -0.289124  -0.6  -0.6  -0.289124
0.79  -0.383752  -0.8  -0.8  -0.383752
0.8  -0.477518  -1  -1  -0.477518
0.81  -0.570427  -1.2  -1.2  -0.570427
0.82  -0.662484  -1.4  -1.4  -0.662484
0.83  -0.753697  -1.6  -1.6  -0.753697
0.84  -0.84407  -1.8  -1.8  -0.84407
0.85  -0.93361  -2  -2  -0.93361
0.86  -1.02232  -2.2  -2.2  -1.02232
0.87  -1.11021  -2.4  -2.4  -1.11021
0.88  -1.19729  -2.6  -2.6  -1.19729
0.89  -1.28355  -2.8  -2.8  -1.28355
0.9  -1.36901  -3  -3  -1.36901
0.91  -1.45367  -3.2  -3.2  -1.45367
0.92  -1.53754  -3.4  -3.4  -1.53754
0.93  -1.62061  -3.6  -3.6  -1.62061
0.94  -1.70291  -3.8  -3.8  -1.70291
0.95  -1.78443  -4  -4  -1.78443
0.96  -1.86517  -4.2  -4.2  -1.86517
0.97  -1.94515  -4.4  -4.4  -1.94515
0.98  -2.02437  -4.6  -4.6  -2.02437
0.99  -2.10284  -4.8  -4.8  -2.10284
1  -2.18055  -5  -5  -2.18055
1.01  -2.10191  -4.8  -4.8  -2.10191
1.02  -2.02348  -4.6  -4.6  -2.02348
1.03  -1.94429  -4.4  -4.4  -1.94429
1.04  -1.86435  -4.2  -4.2  -1.86435
1.05  -1.78364  -4  -4  -1.78364
1.06  -1.70216  -3.8  -3.8  -1.70216
1.07  -1.6199  -3.6  -3.6  -1.6199
1.08  -1.53686  -3.4  -3.4  -1.53686
1.09  -1.45303  -3.2  -3.2  -1.45303
1.1  -1.3684  -3  -3  -1.3684
1.11  -1.28298  -2.8  -2.8  -1.28298
1.12  -1.19676  -2.6  -2.6  -1.19676
1.13  -1.10972  -2.4  -2.4  -1.10972
1.14  -1.02187  -2.2  -2.2  -1.02187
1.15  -0.933197  -2  -2  -0.933197
1.16  -0.843697  -1.8  -1.8  -0.843697
1.17  -0.753363  -1.6  -1.6  -0.753363
1.18  -0.662191  -1.4  -1.4  -0.662191
1.19  -0.570174  -1.2  -1.2  -0.570174
1.2  -0.477306  -1  -1  -0.477306
1.21  -0.383582  -0.8  -0.8  -0.383582
1.22  -0.288996  -0.6  -0.6  -0.288996
1.23  -0.0184326  -0.4  -0.4  -0.0184326
1.24  -0.00924846  -0.2  -0.2  -0.00924846
1.25  8.55278e-16  1.77636e-14  1.77636e-14  8.55278e-16
1.26  0.00931316  0.2  0.2  0.00931316
1.27  0.0186914  0.4  0.4  0.0186914
1.28  0.296977  0.6  0.6  0.296977
1.29  0.846974  0.8  0.8  0.846974
1.3  1.08689  1  1  1.08689
1.31  1.30427  1.2  1.2  1.30427
1.32  1.52165  1.4  1.4  1.52165
1.33  1.73903  1.6  1.6  1.73903
1.34  1.95641  1.8  1.8  1.95641
1.35  2.17378  2  2  2.17378
1.36  2.39116  2.2  2.2  2.39116
1.37  2.60854  2.4  2.4  2.60854
1.38  2.82592  2.6  2.6  2.82592
1.39  3.0433  2.8  2.8  3.0433
1.4  3.26068  3  3  3.26068
1.41  3.47805  3.2  3.2  3.47805
1.42  3.69543  3.4  3.4  3.69543
1.43  3.91281  3.6  3.6  3.91281
1.44  4.13019  3.8  3.8  4.13019
1.45  4.34757  4  4  4.34757
1.46  4.56495  4.2  4.2  4.56495
1.47  4.78233  4.4  4.4  4.78233
1.48  4.9997  4.6  4.6  4.9997
1.49  5.21708  4.8  4.8  5.21708
1.5  5.43446  5  5  5.43446
1.51  5.21708  4.8  4.8  5.21708
1.52  4.9997  4.6  4.6  4.9997
1.53  4.78233  4.4  4.4  4.78233
1.54  4.56495  4.2  4.2  4.56495
1.55  4.34757  4  4  4.34757
1.56  4.13019  3.8  3.8  4.13019
1.57  3.91281  3.6  3.6  3.91281
1.58  3.69543  3.4  3.4  3.69543
1.59  3.47805  3.2  3.2  3.47805
1.6  3.26068  3  3  3.26068
1.61  3.0433  2.8  2.8  3.0433
1.62  2.82592  2.6  2.6  2.82592
1.63  2.60854  2.4  2.4  2.60854
1.64  2.39116  2.2  2.2  2.39116
1.65  2.17378  2  2  2.17378
1.66  1.95641  1.8  1.8  1.95641
1.67  1.73903  1.6  1.6  1.73903
1.68  1.52165  1.4  1.4  1.52165
1.69  1.30427  1.2  1.2  1.30427
1.7  1.08689  1  1  1.08689
1.71  0.420311  0.8  0.8  0.420311
1.72  0.297108  0.6  0.6  0.297108
1.73  0.0187788  0.4  0.4  0.0187788
1.74  0.00935663  0.2  0.2  0.00935663
1.75  -1.28868e-15  -2.66454e-14  -2.66454e-14  -1.28868e-15
1.76  -0.00929153  -0.2  -0.2  -0.00929153
1.77  -0.0185184  -0.4  -0.4  -0.0185184
1.78  -0.289124  -0.6  -0.6  -0.289124
1.79  -0.383752  -0.8  -0.8  -0.383752
1.8  -0.477518  -1  -1  -0.477518
1.81  -0.570427  -1.2  -1.2  -0.570427
1.82  -0.662484  -1.4  -1.4  -0.662484
1.83  -0.753697  -1.6  -1.6  -0.753697
1.84  -0.84407  -1.8  -1.8  -0.84407
1.85  -0.93361  -2  -2  -0.93361
1.86  -1.02232  -2.2  -2.2  -1.02232
1.87  -1.11021  -2.4  -2.4  -1.11021
1.88  -1.19729  -2.6  -2.6  -1.19729
1.89  -1.28355  -2.8  -2.8  -1.28355
1.9  -1.36901  -3  -3  -1.36901
1.91  -1.45367  -3.2  -3.2  -1.45367
1.92  -1.53754  -3.4  -3.4  -1.53754
1.93  -1.62061  -3.6  -3.6  -1.62061
1.94  -1.70291  -3.8  -3.8  -1.70291
1.95  -1.78443  -4  -4  -1.78443
1.96  -1.86517  -4.2  -4.2  -1.86517
1.97  -1.94515  -4.4  -4.4  -1.94515
1.98  -2.02437  -4.6  -4.6  -2.02437
1.99  -2.10284  -4.8  -4.8  -2.10284
2  -2.18055  -5  -5  -2.18055
2.01  -2.10191  -4.8  -4.8  -2.10191
2.02  -2.02348  -4.6  -4.6  -2.02348
2.03  -1.94429  -4.4  -4.4  -1.94429
2.04  -1.86435  -4.2  -4.2  -1.86435
2.05  -1.78364  -4  -4  -1.78364
2.06  -1.70216  -3.8  -3.8  -1.70216
2.07  -1.6199  -3.6  -3.6  -1.6199
2.08  -1.53686  -3.4  -3.4  -1.53686
2.09  -1.45303  -3.2  -3.2  -1.45303
2.1  -1.3684  -3  -3  -1.3684
2.11  -1.28298  -2.8  -2.8  -1.28298
2.12  -1.19676  -2.6  -2.6  -1.19676
2.13  -1.10972  -2.4  -2.4  -1.10972
2.14  -1.02187  -2.2  -2.2  -1.02187
2.15  -0.933197  -2  -2  -0.933197
2.16  -0.843697  -1.8  -1.8  -0.843697
2.17  -0.753363  -1.6  -1.6  -0.753363
2.18  -0.662191  -1.4  -1.4  -0.662191
2.19  -0.570174  -1.2  -1.2  -0.570174
2.2  -0.477306  -1  -1  -0.477306
2.21  -0.383582  -0.8  -0.8  -0.383582
2.22  -0.288996  -0.6  -0.6  -0.288996
2.23  -0.0184326  -0.4  -0.4  -0.0184326
2.24  -0.00924846  -0.2  -0.2  -0.00924846
2.25  -3.73773e-15  -7.99361e-14  -7.99361e-14  -3.73773e-15
2.26  0.00931316  0.2  0.2  0.00931316
2.27  0.0186914  0.4  0.4  0.0186914
2.28  0.296977  0.6  0.6  0.296977
2.29  0.397771  0.8  0.8  0.397771
2.3  1.05883  1  1  1.05883
2.31  1.30427  1.2  1.2  1.30427
2.32  1.52165  1.4  1.4  1.52165
2.33  1.73903  1.6  1.6  1.73903
2.34  1.95641  1.8  1.8  1.95641
2.35  2.17378  2  2  2.17378
2.36  2.39116  2.2  2.2  2.39116
2.37  2.60854  2.4  2.4  2.60854
2.38  2.82592  2.6  2.6  2.82592
2.39  3.0433  2.8  2.8  3.0433
2.4  3.26068  3  3  3.26068
2.41  3.47805  3.2  3.2  3.47805
2.42  3.69543  3.4  3.4  3.69543
2.43  3.91281  3.6  3.6  3.91281
2.44  4.13019  3.8  3.8  4.13019
2.45  4.34757  4  4  4.34757
2.46  4.56495  4.2  4.2  4.56495
2.47  4.78233  4.4  4.4  4.78233
2.48  4.9997  4.6  4.6  4.9997
2.49  5.21708  4.8  4.8  5.21708
2.5  5.43446  5  5  5.43446
2.51  5.21708  4.8  4.8  5.21708
2.52  4.9997  4.6  4.6  4.9997
2.53  4.78233  4.4  4.4  4.78233
2.54  4.56495  4.2  4.2  4.56495
2.55  4.34757  4  4  4.34757
2.56  4.13019  3.8  3.8  4.13019
2.57  3.91281  3.6  3.6  3.91281
2.58  3.69543  3.4  3.4  3.69543
2.59  3.47805  3.2  3.2  3.47805
2.6  3.26068  3  3  3.26068
2.61  3.0433  2.8  2.8  3.0433
2.62  2.82592  2.6  2.6  2.82592
2.63  2.60854  2.4  2.4  2.60854
2.64  2.39116  2.2  2.2  2.39116
2.65  2.17378  2  2  2.17378
2.66  1.95641  1.8  1.8  1.95641
2.67  1.73903  1.6  1.6  1.73903
2.68  1.52165  1.4  1.4  1.52165
2.69  1.30427  1.2  1.2  1.30427
2.7  1.08689  1  1  1.08689
2.71  0.869514  0.8  0.8  0.869514
2.72  0.313947  0.6  0.6  0.313947
2.73  0.0187788  0.4  0.4  0.0187788
2.74  0.00935663  0.2  0.2  0.00935663
2.75  1.37314e-14  2.93099e-13  2.93099e-13  1.37314e-14
2.76  -0.00929153  -0.2  -0.2  -0.00929153
2.77  -0.0185184  -0.4  -0.4  -0.0185184
2.78  -0.289124  -0.6  -0.6  -0.289124
2.79  -0.383752  -0.8  -0.8  -0.383752
2.8  -0.477518  -1  -1  -0.477518
2.81  -0.570427  -1.2  -1.2  -0.570427
2.82  -0.662484  -1.4  -1.4  -0.662484
2.83  -0.753697  -1.6  -1.6  -0.753697
2.84  -0.84407  -1.8  -1.8  -0.84407
2.85  -0.93361  -2  -2  -0.93361
2.86  -1.02232  -2.2  -2.2  -1.02232
2.87  -1.11021  -2.4  -2.4  -1.11021
2.88  -1.19729  -2.6  -2.6  -1.19729
2.89  -1.28355  -2.8  -2.8  -1.28355
2.9  -1.36901  -3  -3  -1.36901
2.91  -1.45367  -3.2  -3.2  -1.45367
2.92  -1.53754  -3.4  -3.4  -1.53754
2.93  -1.62061  -3.6  -3.6  -1.62061
2.94  -1.70291  -3.8  -3.8  -1.70291
2.95  -1.78443  -4  -4  -1.78443
2.96  -1.86517  -4.2  -4.2  -1.86517
2.97  -1.94515  -4.4  -4.4  -1.94515
2.98  -2.02437  -4.6  -4.6  -2.02437
2.99  -2.10284  -4.8  -4.8  -2.10284
3  -2.18055  -5  -5  -2.18055
3.01  -2.10191  -4.8  -4.8  -2.10191
3.02  -2.02348  -4.6  -4.6  -2.02348
3.03  -1.94429  -4.4  -4.4  -1.94429
3.04  -1.86435  -4.2  -4.2  -1.86435
3.05  -1.78364  -4  -4  -1.78364
3.06  -1.70216  -3.8  -3.8  -1.70216
3.07  -1.6199  -3.6  -3.6  -1.6199
3.08  -1.53686  -3.4  -3.4  -1.53686
3.09  -1.45303  -3.2  -3.2  -1.45303
3.1  -1.3684  -3  -3  -1.3684
3.11  -1.28298  -2.8  -2.8  -1.28298
3.12  -1.19676  -2.6  -2.6  -1.19676
3.13  -1.10972  -2.4  -2.4  -1.10972
3.14  -1.02187  -2.2  -2.2  -1.02187
3.15  -0.933197  -2  -2  -0.933197
3.16  -0.843697  -1.8  -1.8  -0.843697
3.17  -0.753363  -1.6  -1.6  -0.753363
3.18  -0.662191  -1.4  -1.4  -0.662191
3.19  -0.570174  -1.2  -1.2  -0.570174
3.2  -0.477306  -1  -1  -0.477306
3.21  -0.383582  -0.8  -0.8  -0.383582
3.22  -0.288996  -0.6  -0.6  -0.288996
3.23  -0.0184326  -0.4  -0.4  -0.0184326
3.24  -0.00924846  -0.2  -0.2  -0.00924846
3.25  -2.34873e-14  -5.06262e-13  -5.06262e-13  -2.34873e-14
3.26  0.00931316  0.2  0.2  0.00931316
3.27  0.0186914  0.4  0.4  0.0186914
3.28  0.296977  0.6  0.6  0.296977
3.29  0.397771  0.8  0.8  0.397771
3.3  1.05883  1  1  1.05883
3.31  1.30427  1.2  1.2  1.30427
3.32  1.52165  1.4  1.4  1.52165
3.33  1.73903  1.6  1.6  1.73903
3.34  1.95641  1.8  1.8  1.95641
3.35  2.17378  2  2  2.17378
3.36  2.39116  2.2  2.2  2.39116
3.37  2.60854  2.4  2.4  2.60854
3.38  2.82592  2.6  2.6  2.82592
3.39  3.0433  2.8  2.8  3.0433
3.4  3.26068  3  3  3.26068
3.41  3.47805  3.2  3.2  3.47805
3.42  3.69543  3.4  3.4  3.69543
3.43  3.91281  3.6  3.6  3.91281
3.44  4.13019  3.8  3.8  4.13019
3.45  4.34757  4  4  4.34757
3.46  4.56495  4.2  4.2  4.56495
3.47  4.78233  4.4  4.4  4.78233
3.48  4.9997  4.6  4.6  4.9997
3.49  5.21708  4.8  4.8  5.21708
3.5  5.43446  5  5  5.43446
3.51  5.21708  4.8  4.8  5.21708
3.52  4.9997  4.6  4.6  4.9997
3.53  4.78233  4.4  4.4  4.78233
3.54  4.56495  4.2  4.2  4.56495
3.55  4.34757  4  4  4.34757
3.56  4.13019  3.8  3.8  4.13019
3.57  3.91281  3.6  3.6  3.91281
3.58  3.69543  3.4  3.4  3.69543
3.59  3.47805  3.2  3.2  3.47805
3.6  3.26068  3  3  3.26068
3.61  3.0433  2.8  2.8  3.0433
3.62  2.82592  2.6  2.6  2.82592
3.63  2.60854  2.4  2.4  2.60854
3.64  2.39116  2.2  2.2  2.39116
3.65  2.17378  2  2  2.17378
3.66  1.95641  1.8  1.8  1.95641
3.67  1.73903  1.6  1.6  1.73903
3.68  1.52165  1.4  1.4  1.52165
3.69  1.30427  1.2  1.2  1.30427
3.7  1.08689  1  1  1.08689
3.71  0.869514  0.8  0.8  0.869514
3.72  0.313947  0.6  0.6  0.313947
3.73  0.0187788  0.4  0.4  0.0187788
3.74  0.00935663  0.2  0.2  0.00935663
3.75  3.34621e-14  7.19425e-13  7.19425e-13  3.34621e-14
3.76  -0.00929153  -0.2  -0.2  -0.00929153
3.77  -0.0185184  -0.4  -0.4  -0.0185184
3.78  -0.289124  -0.6  -0.6  -0.289124
3.79  -0.383752  -0.8  -0.8  -0.383752
3.8  -0.477518  -1  -1  -0.477518
3.81  -0.570427  -1.2  -1.2  -0.570427
3.82  -0.662484  -1.4  -1.4  -0.662484
3.83  -0.753697  -1.6  -1.6  -0.753697
3.84  -0.84407  -1.8  -1.8  -0.84407
3.85  -0.93361  -2  -2  -0.93361
3.86  -1.02232  -2.2  -2.2  -1.02232
3.87  -1.11021  -2.4  -2.4  -1.11021
3.88  -1.19729  -2.6  -2.6  -1.19729
3.89  -1.28355  -2.8  -2.8  -1.28355
3.9  -1.36901  -3  -3  -1.36901
3.91  -1.45367  -3.2  -3.2  -1.45367
3.92  -1.53754  -3.4  -3.4  -1.53754
3.93  -1.62061  -3.6  -3.6  -1.62061
3.94  -1.70291  -3.8  -3.8  -1.70291
3.95  -1.78443  -4  -4  -1.78443
3.96  -1.86517  -4.2  -4.2  -1.86517
3.97  -1.94515  -4.4  -4.4  -1.94515
3.98  -2.02437  -4.6  -4.6  -2.02437
3.99  -2.10284  -4.8  -4.8  -2.10284
4  -2.18055  -5  -5  -2.18055
4.01  -2.10191  -4.8  -4.8  -2.10191
4.02  -2.02348  -4.6  -4.6  -2.02348
4.03  -1.94429  -4.4  -4.4  -1.94429
4.04  -1.86435  -4.2  -4.2  -1.86435
4.05  -1.78364  -4  -4  -1.78364
4.06  -1.70216  -3.8  -3.8  -1.70216
4.07  -1.6199  -3.6  -3.6  -1.6199
4.08  -1.53686  -3.4  -3.4  -1.53686
4.09  -1.45303  -3.2  -3.2  -1.45303
4.1  -1.3684  -3  -3  -1.3684
4.11  -1.28298  -2.8  -2.8  -1.28298
4.12  -1.19676  -2.6  -2.6  -1.19676
4.13  -1.10972  -2.4  -2.4  -1.10972
4.14  -1.02187  -2.2  -2.2  -1.02187
4.15  -0.933197  -2  -2  -0.933197
4.16  -0.843697  -1.8  -1.8  -0.843697
4.17  -0.753363  -1.6  -1.6  -0.753363
4.18  -0.662191  -1.4  -1.4  -0.662191
4.19  -0.570174  -1.2  -1.2  -0.570174
4.2  -0.477306  -1  -1  -0.477306
4.21  -0.383582  -0.8  -0.8  -0.383582
4.22  -0.288996  -0.6  -0.6  -0.288996
4.23  -0.0184326  -0.4  -0.4  -0.0184326
4.24  -0.00924846  -0.2  -0.2  -0.00924846
4.25  -4.28091e-14  -9.23706e-13  -9.23706e-13  -4.28091e-14
4.26  0.00931316  0.2  0.2  0.00931316
4.27  0.0186914  0.4  0.4  0.0186914
4.28  0.296977  0.6  0.6  0.296977
4.29  0.397771  0.8  0.8  0.397771
4.3  1.05883  1  1  1.05883
4.31  1.30427  1.2  1.2  1.30427
4.32  1.52165  1.4  1.4  1.52165
4.33  1.73903  1.6  1.6  1.73903
4.34  1.95641  1.8  1.8  1.95641
4.35  2.17378  2  2  2.17378
4.36  2.39116  2.2  2.2  2.39116
4.37  2.60854  2.4  2.4  2.60854
4.38  2.82592  2.6  2.6  2.82592
4.39  3.0433  2.8  2.8  3.0433
4.4  3.26068  3  3  3.26068
4.41  3.47805  3.2  3.2  3.47805
4.42  3.69543  3.4  3.4  3.69543
4.43  3.91281  3.6  3.6  3.91281
4.44  4.13019  3.8  3.8  4.13019
4.45  4.34757  4  4  4.34757
4.46  4.56495  4.2  4.2  4.56495
4.47  4.78233  4.4  4.4  4.78233
4.48  4.9997  4.6  4.6  4.9997
4.49  5.21708  4.8  4.8  5.21708
4.5  5.43446  5  5  5.43446
4.51  5.21708  4.8  4.8  5.21708
4.52  4.9997  4.6  4.6  4.9997
4.53  4.78233  4.4  4.4  4.78233
4.54  4.56495  4.2  4.2  4.56495
4.55  4.34757  4  4  4.34757
4.56  4.13019  3.8  3.8  4.13019
4.57  3.91281  3.6  3.6  3.91281
4.58  3.69543  3.4  3.4  3.69543
4.59  3.47805  3.2  3.2  3.47805
4.6  3.26068  3  3  3.26068
4.61  3.0433  2.8  2.8  3.0433
4.62  2.82592  2.6  2.6  2.82592
4.63  2.60854  2.4  2.4  2.60854
4.64  2.39116  2.2  2.2  2.39116
4.65  2.17378  2  2  2.17378
4.66  1.95641  1.8  1.8  1.95641
4.67  1.73903  1.6  1.6  1.73903
4.68  1.52165  1.4  1.4  1.52165
4.69  1.30427  1.2  1.2  1.30427
4.7  1.08689  1  1  1.08689
4.71  0.869514  0.8  0.8  0.869514
4.72  0.313947  0.6  0.6  0.313947
4.73  0.0187788  0.4  0.4  0.0187788
4.74  0.00935663  0.2  0.2  0.00935663
4.75  5.29854e-14  1.13687e-12  1.13687e-12  5.29854e-14
4.76  -0.00929153  -0.2  -0.2  -0.00929153
4.77  -0.0185184  -0.4  -0.4  -0.0185184
4.78  -0.289124  -0.6  -0.6  -0.289124
4.79  -0.383752  -0.8  -0.8  -0.383752
4.8  -0.477518  -1  -1  -0.477518
4.81  -0.570427  -1.2  -1.2  -0.570427
4.82  -0.662484  -1.4  -1.4  -0.662484
4.83  -0.753697  -1.6  -1.6  -0.753697
4.84  -0.84407  -1.8  -1.8  -0.84407
4.85  -0.93361  -2  -2  -0.93361
4.86  -1.02232  -2.2  -2.2  -1.02232
4.87  -1.11021  -2.4  -2.4  -1.11021
4.88  -1.19729  -2.6  -2.6  -1.19729
4.89  -1.28355  -2.8  -2.8  -1.28355
4.9  -1.36901  -3  -3  -1.36901
4.91  -1.45367  -3.2  -3.2  -1.45367
4.92  -1.53754  -3.4  -3.4  -1.53754
4.93  -1.62061  -3.6  -3.6  -1.62061
4.94  -1.70291  -3.8  -3.8  -1.70291
4.95  -1.78443  -4  -4  -1.78443
4.96  -1.86517  -4.2  -4.2  -1.86517
4.97  -1.94515  -4.4  -4.4  -1.94515
4.98  -2.02437  -4.6  -4.6  -2.02437
4.99  -2.10284  -4.8  -4.8  -2.10284
5  -2.18055  -5  -5  -2.18055
5.01  -2.10191  -4.8  -4.8  -2.10191
5.02  -2.02348  -4.6  -4.6  -2.02348
5.03  -1.94429  -4.4  -4.4  -1.94429
5.04  -1.86435  -4.2  -4.2  -1.86435
5.05  -1.78364  -4  -4  -1.78364
5.06  -1.70216  -3.8  -3.8  -1.70216
5.07  -1.6199  -3.6  -3.6  -1.6199
5.08  -1.53686  -3.4  -3.4  -1.53686
5.09  -1.45303  -3.2  -3.2  -1.45303
5.1  -1.3684  -3  -3  -1.3684
5.11  -1.28298  -2.8  -2.8  -1.28298
5.12  -1.19676  -2.6  -2.6  -1.19676
5.13  -1.10972  -2.4  -2.4  -1.10972
5.14  -1.02187  -2.2  -2.2  -1.02187
5.15  -0.933197  -2  -2  -0.933197
5.16  -0.843697  -1.8  -1.8  -0.843697
5.17  -0.753363  -1.6  -1.6  -0.753363
5.18  -0.662191  -1.4  -1.4  -0.662191
5.19  -0.570174  -1.2  -1.2  -0.570174
5.2  -0.477306  -1  -1  -0.477306
5.21  -0.383582  -0.8  -0.8  -0.383582
5.22  -0.288996  -0.6  -0.6  -0.288996
5.23  -0.0184326  -0.4  -0.4  -0.0184326
5.24  -0.00924846  -0.2  -0.2  -0.00924846
5.25  -6.26697e-14  -1.35003e-12  -1.35003e-12  -6.26697e-14
5.26  0.00931316  0.2  0.2  0.00931316
5.27  0.0186914  0.4  0.4  0.0186914
5.28  0.296977  0.6  0.6  0.296977
5.29  0.397771  0.8  0.8  0.397771
5.3  1.05883  1  1  1.05883
5.31  1.30427  1.2  1.2  1.30427
5.32  1.52165  1.4  1.4  1.52165
5.33  1.73903  1.6  1.6  1.73903
5.34  1.95641  1.8  1.8  1.95641
5.35  2.17378  2  2  2.17378
5.36  2.39116  2.2  2.2  2.39116
5.37  2.60854  2.4  2.4  2.60854
5.38  2.82592  2.6  2.6  2.82592
5.39  3.0433  2.8  2.8  3.0433
5.4  3.26068  3  3  3.26068
5.41  3.47805  3.2  3.2  3.47805
5.42  3.69543  3.4  3.4  3.69543
5.43  3.91281  3.6  3.6  3.91281
5.44  4.13019  3.8  3.8  4.13019
5.45  4.34757  4  4  4.34757
5.46  4.56495  4.2  4.2  4.56495
5.47  4.78233  4.4  4.4  4.78233
5.48  4.9997  4.6  4.6  4.9997
5.49  5.21708  4.8  4.8  5.21708
5.5  5.43446  5  5  5.43446
5.51  5.21708  4.8  4.8  5.21708
5.52  4.9997  4.6  4.6  4.9997
5.53  4.78233  4.4  4.4  4.78233
5.54  4.56495  4.2  4.2  4.56495
5.55  4.34757  4  4  4.34757
5.56  4.13019  3.8  3.8  4.13019
5.57  3.91281  3.6  3.6  3.91281
5.58  3.69543  3.4  3.4  3.69543
5.59  3.47805  3.2  3.2  3.47805
5.6  3.26068  3  3  3.26068
5.61  3.0433  2.8  2.8  3.0433
5.62  2.82592  2.6  2.6  2.82592
5.63  2.60854  2.4  2.4  2.60854
5.64  2.39116  2.2  2.2  2.39116
5.65  2.17378  2  2  2.17378
5.66  1.95641  1.8  1.8  1.95641
5.67  1.73903  1.6  1.6  1.73903
5.68  1.52165  1.4  1.4  1.52165
5.69  1.30427  1.2  1.2  1.30427
5.7  1.08689  1  1  1.08689
5.71  0.869514  0.8  0.8  0.869514
5.72  0.313947  0.6  0.6  0.313947
5.73  0.0187788  0.4  0.4  0.0187788
5.74  0.00935663  0.2  0.2  0.00935663
5.75  7.29381e-14  1.56319e-12  1.56319e-12  7.29381e-14
5.76  -0.00929153  -0.2  -0.2  -0.00929153
5.77  -0.0185184  -0.4  -0.4  -0.0185184
5.78  -0.289124  -0.6  -0.6  -0.289124
5.79  -0.383752  -0.8  -0.8  -0.383752
5.8  -0.477518  -1  -1  -0.477518
5.81  -0.570427  -1.2  -1.2  -0.570427
5.82  -0.662484  -1.4  -1.4  -0.662484
5.83  -0.753697  -1.6  -1.6  -0.753697
5.84  -0.84407  -1.8  -1.8  -0.84407
5.85  -0.93361  -2  -2  -0.93361
5.86  -1.02232  -2.2  -2.2  -1.02232
5.87  -1.11021  -2.4  -2.4  -1.11021
5.88  -1.19729  -2.6  -2.6  -1.19729
5.89  -1.28355  -2.8  -2.8  -1.28355
5.9  -1.36901  -3  -3  -1.36901
5.91  -1.45367  -3.2  -3.2  -1.45367
5.92  -1.53754  -3.4  -3.4  -1.53754
5.93  -1.62061  -3.6  -3.6  -1.62061
5.94  -1.70291  -3.8  -3.8  -1.70291
5.95  -1.78443  -4  -4  -1.78443
5.96  -1.86517  -4.2  -4.2  -1.86517
5.97  -1.94515  -4.4  -4.4  -1.94515
5.98  -2.02437  -4.6  -4.6  -2.02437
5.99  -2.10284  -4.8  -4.8  -2.10284
6  -2.18055  -5  -5  -2.18055
6.01  -2.18007  -5  -5  -2.18007
6.02  -2.18007  -5  -5  -2.18007
6.03  -2.18007  -5  -5  -2.18007
6.04  -2.18007  -5  -5  -2.18007
6.05  -2.18007  -5  -5  -2.18007
6.06  -2.18007  -5  -5  -2.18007
6.07  -2.18007  -5  -5  -2.18007
6.08  -2.18007  -5  -5  -2.18007
6.09  -2.18007  -5  -5  -2.18007
6.1  -2.18007  -5  -5  -2.18007
6.11  -2.18007  -5  -5  -2.18007
6.12  -2.18007  -5  -5  -2.18007
6.13  -2.18007  -5  -5  -2.18007
6.14  -2.18007  -5  -5  -2.18007
6.15  -2.18007  -5  -5  -2.18007
6.16  -2.18007  -5  -5  -2.18007
6.17  -2.18007  -5  -5  -2.18007
6.18  -2.18007  -5  -5  -2.18007
6.19  -2.18007  -5  -5  -2.18007
6.2  -2.18007  -5  -5  -2.18007
6.21  -2.18007  -5  -5  -2.18007
6.22  -2.18007  -5  -5  -2.18007
6.23  -2.18007  -5  -5  -2.18007
6.24  -2.18007  -5  -5  -2.18007
6.25  -2.18007  -5  -5  -2.18007
6.26  -2.18007  -5  -5  -2.18007
6.27  -2.18007  -5  -5  -2.18007
6.28  -2.18007  -5  -5  -2.18007
6.29  -2.18007  -5  -5  -2.18007
6.3  -2.18007  -5  -5  -2.18007
6.31  -2.18007  -5  -5  -2.18007
6.32  -2.18007  -5  -5  -2.18007
6.33  -2.18007  -5  -5  -2.18007
6.34  -2.18007  -5  -5  -2.18007
6.35  -2.18007  -5  -5  -2.18007
6.36  -2.18007  -5  -5  -2.18007
6.37  -2.18007  -5  -5  -2.18007
6.38  -2.18007  -5  -5  -2.18007
6.39  -2.18007  -5  -5  -2.18007
6.4  -2.18007  -5  -5  -2.18007
6.41  -2.18007  -5  -5  -2.18007
6.42  -2.18007  -5  -5  -2.18007
6.43  -2.18007  -5  -5  -2.18007
6.44  -2.18007  -5  -5  -2.18007
6.45  -2.18007  -5  -5  -2.18007
6.46  -2.18007  -5  -5  -2.18007
6.47  -2.18007  -5  -5  -2.18007
6.48  -2.18007  -5  -5  -2.18007
6.49  -2.18007  -5  -5  -2.18007
6.5  -2.18007  -5  -5  -2.18007
6.51  -2.18007  -5  -5  -2.18007
6.52  -2.18007  -5  -5  -2.18007
6.53  -2.18007  -5  -5  -2.18007
6.54  -2.18007  -5  -5  -2.18007
6.55  -2.18007  -5  -5  -2.18007
6.56  -2.18007  -5  -5  -2.18007
6.57  -2.18007  -5  -5  -2.18007
6.58  -2.18007  -5  -5  -2.18007
6.59  -2.18007  -5  -5  -2.18007
6.6  -2.18007  -5  -5  -2.18007
6.61  -2.18007  -5  -5  -2.18007
6.62  -2.18007  -5  -5  -2.18007
6.63  -2.18007  -5  -5  -2.18007
6.64  -2.18007  -5  -5  -2.18007
6.65  -2.18007  -5  -5  -2.18007
6.66  -2.18007  -5  -5  -2.18007
6.67  -2.18007  -5  -5  -2.18007
6.68  -2.18007  -5  -5  -2.18007
6.69  -2.18007  -5  -5  -2.18007
6.7  -2.18007  -5  -5  -2.18007
6.71  -2.18007  -5  -5  -2.18007
6.72  -2.18007  -5  -5  -2.18007
6.73  -2.18007  -5  -5  -2.18007
6.74  -2.18007  -5  -5  -2.18007
6.75  -2.18007  -5  -5  -2.18007
6.76  -2.18007  -5  -5  -2.18007
6.77  -2.18007  -5  -5  -2.18007
6.78  -2.18007  -5  -5  -2.18007
6.79  -2.18007  -5  -5  -2.18007
6.8  -2.18007  -5  -5  -2.18007
6.81  -2.18007  -5  -5  -2.18007
6.82  -2.18007  -5  -5  -2.18007
6.83  -2.18007  -5  -5  -2.18007
6.84  -2.18007  -5  -5  -2.18007
6.85  -2.18007  -5  -5  -2.18007
6.86  -2.18007  -5  -5  -2.18007
6.87  -2.18007  -5  -5  -2.18007
6.88  -2.18007  -5  -5  -2.18007
6.89  -2.18007  -5  -5  -2.18007
6.9  -2.18007  -5  -5  -2.18007
6.91  -2.18007  -5  -5  -2.18007
6.92  -2.18007  -5  -5  -2.18007
6.93  -2.18007  -5  -5  -2.18007
6.94  -2.18007  -5  -5  -2.18007
6.95  -2.18007  -5  -5  -2.18007
6.96  -2.18007  -5  -5  -2.18007
6.97  -2.18007  -5  -5  -2.18007
6.98  -2.18007  -5  -5  -2.18007
6.99  -2.18007  -5  -5  -2.18007
7  -2.18007  -5  -5  -2.18007
7.01  -2.18007  -5  -5  -2.18007
7.02  -2.18007  -5  -5  -2.18007
7.03  -2.18007  -5  -5  -2.18007
7.04  -2.18007  -5  -5  -2.18007
7.05  -2.18007  -5  -5  -2.18007
7.06  -2.18007  -5  -5  -2.18007
7.07  -2.18007  -5  -5  -2.18007
7.08  -2.18007  -5  -5  -2.18007
7.09  -2.18007  -5  -5  -2.18007
7.1  -2.18007  -5  -5  -2.18007
7.11  -2.18007  -5  -5  -2.18007
7.12  -2.18007  -5  -5  -2.18007
7.13  -2.18007  -5  -5  -2.18007
7.14  -2.18007  -5  -5  -2.18007
7.15  -2.18007  -5  -5  -2.18007
7.16  -2.18007  -5  -5  -2.18007
7.17  -2.18007  -5  -5  -2.18007
7.18  -2.18007  -5  -5  -2.18007
7.19  -2.18007  -5  -5  -2.18007
7.2  -2.18007  -5  -5  -2.18007
7.21  -2.18007  -5  -5  -2.18007
7.22  -2.18007  -5  -5  -2.18007
7.23  -2.18007  -5  -5  -2.18007
7.24  -2.18007  -5  -5  -2.18007
7.25  -2.18007  -5  -5  -2.18007
7.26  -2.18007  -5  -5  -2.18007
7.27  -2.18007  -5  -5  -2.18007
7.28  -2.18007  -5  -5  -2.18007
7.29  -2.18007  -5  -5  -2.18007
7.3  -2.18007  -5  -5  -2.18007
7.31  -2.18007  -5  -5  -2.18007
7.32  -2.18007  -5  -5  -2.18007
7.33  -2.18007  -5  -5  -2.18007
7.34  -2.18007  -5  -5  -2.18007
7.35  -2.18007  -5  -5  -2.18007
7.36  -2.18007  -5  -5  -2.18007
7.37  -2.18007  -5  -5  -2.18007
7.38  -2.18007  -5  -5  -2.18007
7.39  -2.18007  -5  -5  -2.18007
7.4  -2.18007  -5  -5  -2.18007
7.41  -2.18007  -5  -5  -2.18007
7.42  -2.18007  -5  -5  -2.18007
7.43  -2.18007  -5  -5  -2.18007
7.44  -2.18007  -5  -5  -2.18007
7.45  -2.18007  -5  -5  -2.18007
7.46  -2.18007  -5  -5  -2.18007
7.47  -2.18007  -5  -5  -2.18007
7.48  -2.18007  -5  -5  -2.18007
7.49  -2.18007  -5  -5  -2.18007
7.5  -2.18007  -5  -5  -2.18007
7.51  -2.18007  -5  -5  -2.18007
7.52  -2.18007  -5  -5  -2.18007
7.53  -2.18007  -5  -5  -2.18007
7.54  -2.18007  -5  -5  -2.18007
7.55  -2.18007  -5  -5  -2.18007
7.56  -2.18007  -5  -5  -2.18007
7.57  -2.18007  -5  -5  -2.18007
7.58  -2.18007  -5  -5  -2.18007
7.59  -2.18007  -5  -5  -2.18007
7.6  -2.18007  -5  -5  -2.18007
7.61  -2.18007  -5  -5  -2.18007
7.62  -2.18007  -5  -5  -2.18007
7.63  -2.18007  -5  -5  -2.18007
7.64  -2.18007  -5  -5  -2.18007
7.65  -2.18007  -5  -5  -2.18007
7.66  -2.18007  -5  -5  -2.18007
7.67  -2.18007  -5  -5  -2.18007
7.68  -2.18007  -5  -5  -2.18007
7.69  -2.18007  -5  -5  -2.18007
7.7  -2.18007  -5  -5  -2.18007
7.71  -2.18007  -5  -5  -2.18007
7.72  -2.18007  -5  -5  -2.18007
7.73  -2.18007  -5  -5  -2.18007
7.74  -2.18007  -5  -5  -2.18007
7.75  -2.18007  -5  -5  -2.18007
7.76  -2.18007  -5  -5  -2.18007
7.77  -2.18007  -5  -5  -2.18007
7.78  -2.18007  -5  -5  -2.18007
7.79  -2.18007  -5  -5  -2.18007
7.8  -2.18007  -5  -5  -2.18007
7.81  -2.18007  -5  -5  -2.18007
7.82  -2.18007  -5  -5  -2.18007
7.83  -2.18007  -5  -5  -2.18007
7.84  -2.18007  -5  -5  -2.18007
7.85  -2.18007  -5  -5  -2.18007
7.86  -2.18007  -5  -5  -2.18007
7.87  -2.18007  -5  -5  -2.18007
7.88  -2.18007  -5  -5  -2.18007
7.89  -2.18007  -5  -5  -2.18007
7.9  -2.18007  -5  -5  -2.18007
7.91  -2.18007  -5  -5  -2.18007
7.92  -2.18007  -5  -5  -2.18007
7.93  -2.18007  -5  -5  -2.18007
7.94  -2.18007  -5  -5  -2.18007
7.95  -2.18007  -5  -5  -2.18007
7.96  -2.18007  -5  -5  -2.18007
7.97  -2.18007  -5  -5  -2.18007
7.98  -2.18007  -5  -5  -2.18007
7.99  -2.18007  -5  -5  -2.18007
8  -2.18007  -5  -5  -2.18007
8.01  -2.18007  -5  -5  -2.18007
8.02  -2.18007  -5  -5  -2.18007
8.03  -2.18007  -5  -5  -2.18007
8.04  -2.18007  -5  -5  -2.18007
8.05  -2.18007  -5  -5  -2.18007
8.06  -2.18007  -5  -5  -2.18007
8.07  -2.18007  -5  -5  -2.18007
8.08  -2.18007  -5  -5  -2.18007
8.09  -2.18007  -5  -5  -2.18007
8.1  -2.18007  -5  -5  -2.18007
8.11  -2.18007  -5  -5  -2.18007
8.12  -2.18007  -5  -5  -2.18007
8.13  -2.18007  -5  -5  -2.18007
8.14  -2.18007  -5  -5  -2.18007
8.15  -2.18007  -5  -5  -2.18007
8.16  -2.18007  -5  -5  -2.18007
8.17  -2.18007  -5  -5  -2.18007
8.18  -2.18007  -5  -5  -2.18007
8.19  -2.18007  -5  -5  -2.18007
8.2  -2.18007  -5  -5  -2.18007
8.21  -2.18007  -5  -5  -2.18007
8.22  -2.18007  -5  -5  -2.18007
8.23  -2.18007  -5  -5  -2.18007
8.24  -2.18007  -5  -5  -2.18007
8.25  -2.18007  -5  -5  -2.18007
8.26  -2.18007  -5  -5  -2.18007
8.27  -2.18007  -5  -5  -2.18007
8.28  -2.18007  -5  -5  -2.18007
8.29  -2.18007  -5  -5  -2.18007
8.3  -2.18007  -5  -5  -2.18007
8.31  -2.18007  -5  -5  -2.18007
8.32  -2.18007  -5  -5  -2.18007
8.33  -2.18007  -5  -5  -2.18007
8.34  -2.18007  -5  -5  -2.18007
8.35  -2.18007  -5  -5  -2.18007
8.36  -2.18007  -5  -5  -2.18007
8.37  -2.18007  -5  -5  -2.18007
8.38  -2.18007  -5  -5  -2.18007
8.39  -2.18007  -5  -5  -2.18007
8.4  -2.18007  -5  -5  -2.18007
8.41  -2.18007  -5  -5  -2.18007
8.42  -2.18007  -5  -5  -2.18007
8.43  -2.18007  -5  -5  -2.18007
8.44  -2.18007  -5  -5  -2.18007
8.45  -2.18007  -5  -5  -2.18007
8.46  -2.18007  -5  -5  -2.18007
8.47  -2.18007  -5  -5  -2.18007
8.48  -2.18007  -5  -5  -2.18007
8.49  -2.18007  -5  -5  -2.18007
8.5  -2.18007  -5  -5  -2.18007
8.51  -2.18007  -5  -5  -2.18007
8.52  -2.18007  -5  -5  -2.18007
8.53  -2.18007  -5  -5  -2.18007
8.54  -2.18007  -5  -5  -2.18007
8.55  -2.18007  -5  -5  -2.18007
8.56  -2.18007  -5  -5  -2.18007
8.57  -2.18007  -5  -5  -2.18007
8.58  -2.18007  -5  -5  -2.18007
8.59  -2.18007  -5  -5  -2.18007
8.6  -2.18007  -5  -5  -2.18007
8.61  -2.18007  -5  -5  -2.18007
8.62  -2.18007  -5  -5  -2.18007
8.63  -2.18007  -5  -5  -2.18007
8.64  -2.18007  -5  -5  -2.18007
8.65  -2.18007  -5  -5  -2.18007
8.66  -2.18007  -5  -5  -2.18007
8.67  -2.18007  -5  -5  -2.18007
8.68  -2.18007  -5  -5  -2.18007
8.69  -2.18007  -5  -5  -2.18007
8.7  -2.18007  -5  -5  -2.18007
8.71  -2.18007  -5  -5  -2.18007
8.72  -2.18007  -5  -5  -2.18007
8.73  -2.18007  -5  -5  -2.18007
8.74  -2.18007  -5  -5  -2.18007
8.75  -2.18007  -5  -5  -2.18007
8.76  -2.18007  -5  -5  -2.18007
8.77  -2.18007  -5  -5  -2.18007
8.78  -2.18007  -5  -5  -2.18007
8.79  -2.18007  -5  -5  -2.18007
8.8  -2.18007  -5  -5  -2.18007
8.81  -2.18007  -5  -5  -2.18007
8.82  -2.18007  -5  -5  -2.18007
8.83  -2.18007  -5  -5  -2.18007
8.84  -2.18007  -5  -5  -2.18007
8.85  -2.18007  -5  -5  -2.18007
8.86  -2.18007  -5  -5  -2.18007
8.87  -2.18007  -5  -5  -2.18007
8.88  -2.18007  -5  -5  -2.18007
8.89  -2.18007  -5  -5  -2.18007
8.9  -2.18007  -5  -5  -2.18007
8.91  -2.18007  -5  -5  -2.18007
8.92  -2.18007  -5  -5  -2.18007
8.93  -2.18007  -5  -5  -2.18007
8.94  -2.18007  -5  -5  -2.18007
8.95  -2.18007  -5  -5  -2.18007
8.96  -2.18007  -5  -5  -2.18007
8.97  -2.18007  -5  -5  -2.18007
8.98  -2.18007  -5  -5  -2.18007
8.99  -2.18007  -5  -5  -2.18007
9  -2.18007  -5  -5  -2.18007
9.01  -2.18007  -5  -5  -2.18007
9.02  -2.18007  -5  -5  -2.18007
9.03  -2.18007  -5  -5  -2.18007
9.04  -2.18007  -5  -5  -2.18007
9.05  -2.18007  -5  -5  -2.18007
9.06  -2.18007  -5  -5  -2.18007
9.07  -2.18007  -5  -5  -2.18007
9.08  -2.18007  -5  -5  -2.18007
9.09  -2.18007  -5  -5  -2.18007
9.1  -2.18007  -5  -5  -2.18007
9.11  -2.18007  -5  -5  -2.18007
9.12  -2.18007  -5  -5  -2.18007
9.13  -2.18007  -5  -5  -2.18007
9.14  -2.18007  -5  -5  -2.18007
9.15  -2.18007  -5  -5  -2.18007
9.16  -2.18007  -5  -5  -2.18007
9.17  -2.18007  -5  -5  -2.18007
9.18  -2.18007  -5  -5  -2.18007
9.19  -2.18007  -5  -5  -2.18007
9.2  -2.18007  -5  -5  -2.18007
9.21  -2.18007  -5  -5  -2.18007
9.22  -2.18007  -5  -5  -2.18007
9.23  -2.18007  -5  -5  -2.18007
9.24  -2.18007  -5  -5  -2.18007
9.25  -2.18007  -5  -5  -2.18007
9.26  -2.18007  -5  -5  -2.18007
9.27  -2.18007  -5  -5  -2.18007
9.28  -2.18007  -5  -5  -2.18007
9.29  -2.18007  -5  -5  -2.18007
9.3  -2.18007  -5  -5  -2.18007
9.31  -2.18007  -5  -5  -2.18007
9.32  -2.18007  -5  -5  -2.18007
9.33  -2.18007  -5  -5  -2.18007
9.34  -2.18007  -5  -5  -2.18007
9.35  -2.18007  -5  -5  -2.18007
9.36  -2.18007  -5  -5  -2.18007
9.37  -2.18007  -5  -5  -2.18007
9.38  -2.18007  -5  -5  -2.18007
9.39  -2.18007  -5  -5  -2.18007
9.4  -2.18007  -5  -5  -2.18007
9.41  -2.18007  -5  -5  -2.18007
9.42  -2.18007  -5  -5  -2.18007
9.43  -2.18007  -5  -5  -2.18007
9.44  -2.18007  -5  -5  -2.18007
9.45  -2.18007  -5  -5  -2.18007
9.46  -2.18007  -5  -5  -2.18007
9.47  -2.18007  -5  -5  -2.18007
9.48  -2.18007  -5  -5  -2.18007
9.49  -2.18007  -5  -5  -2.18007
9.5  -2.18007  -5  -5  -2.18007
9.51  -2.18007  -5  -5  -2.18007
9.52  -2.18007  -5  -5  -2.18007
9.53  -2.18007  -5  -5  -2.18007
9.54  -2.18007  -5  -5  -2.18007
9.55  -2.18007  -5  -5  -2.18007
9.56  -2.18007  -5  -5  -2.18007
9.57  -2.18007  -5  -5  -2.18007
9.58  -2.18007  -5  -5  -2.18007
9.59  -2.18007  -5  -5  -2.18007
9.6  -2.18007  -5  -5  -2.18007
9.61  -2.18007  -5  -5  -2.18007
9.62  -2.18007  -5  -5  -2.18007
9.63  -2.18007  -5  -5  -2.18007
9.64  -2.18007  -5  -5  -2.18007
9.65  -2.18007  -5  -5  -2.18007
9.66  -2.18007  -5  -5  -2.18007
9.67  -2.18007  -5  -5  -2.18007
9.68  -2.18007  -5  -5  -2.18007
9.69  -2.18007  -5  -5  -2.18007
9.7  -2.18007  -5  -5  -2.18007
9.71  -2.18007  -5  -5  -2.18007
9.72  -2.18007  -5  -5  -2.18007
9.73  -2.18007  -5  -5  -2.18007
9.74  -2.18007  -5  -5  -2.18007
9.75  -2.18007  -5  -5  -2.18007
9.76  -2.18007  -5  -5  -2.18007
9.77  -2.18007  -5  -5  -2.18007
9.78  -2.18007  -5  -5  -2.18007
9.79  -2.18007  -5  -5  -2.18007
9.8  -2.18007  -5  -5  -2.18007
9.81  -2.18007  -5  -5  -2.18007
9.82  -2.18007  -5  -5  -2.18007
9.83  -2.18007  -5  -5  -2.18007
9.84  -2.18007  -5  -5  -2.18007
9.85  -2.18007  -5  -5  -2.18007
9.86  -2.18007  -5  -5  -2.18007
9.87  -2.18007  -5  -5  -2.18007
9.88  -2.18007  -5  -5  -2.18007
9.89  -2.18007  -5  -5  -2.18007
9.9  -2.18007  -5  -5  -2.18007
9.91  -2.18007  -5  -5  -2.18007
9.92  -2.18007  -5  -5  -2.18007
9.93  -2.18007  -5  -5  -2.18007
9.94  -2.18007  -5  -5  -2.18007
9.95  -2.18007  -5  -5  -2.18007
9.96  -2.18007  -5  -5  -2.18007
9.97  -2.18007  -5  -5  -2.18007
9.98  -2.18007  -5  -5  -2.18007
9.99  -2.18007  -5  -5  -2.18007
10  -2.18007  -5  -5  -2.18007
