t 1 2 3 jxH0100 
0 -1e-09 -5 -5 -1e-09
0.01 -1e-09 -4.8 -4.8 -1e-09
0.02 -1e-09 -4.6 -4.6 -1e-09
0.03 -1e-09 -4.4 -4.4 -1e-09
0.04 -1e-09 -4.2 -4.2 -1e-09
0.05 -1e-09 -4 -4 -1e-09
0.06 -1e-09 -3.8 -3.8 -1e-09
0.07 -1e-09 -3.6 -3.6 -1e-09
0.08 -1e-09 -3.4 -3.4 -1e-09
0.09 -1e-09 -3.2 -3.2 -1e-09
0.1 -1e-09 -3 -3 -1e-09
0.11 -1e-09 -2.8 -2.8 -1e-09
0.12 -1e-09 -2.6 -2.6 -1e-09
0.13 -1e-09 -2.4 -2.4 -1e-09
0.14 -1e-09 -2.2 -2.2 -1e-09
0.15 -1e-09 -2 -2 -1e-09
0.16 -1e-09 -1.8 -1.8 -1e-09
0.17 -1e-09 -1.6 -1.6 -1e-09
0.18 -1e-09 -1.4 -1.4 -1e-09
0.19 -1e-09 -1.2 -1.2 -1e-09
0.2 -1e-09 -1 -1 -1e-09
0.21 -1e-09 -0.8 -0.8 -1e-09
0.22 -9.99999e-10 -0.6 -0.6 -9.99999e-10
0.23 -9.999e-10 -0.4 -0.4 -9.999e-10
0.24 -9.9e-10 -0.2 -0.2 -9.9e-10
0.25 2.55351e-23 1.11022e-15 1.11022e-15 2.55351e-23
0.26 9.9e-08 0.2 0.2 9.9e-08
0.27 9.99901e-06 0.4 0.4 9.99901e-06
0.28 0.001 0.6 0.6 0.001
0.29 0.1 0.8 0.8 0.1
0.3 0.560518 1 1 0.560518
0.31 1.02104 1.2 1.2 1.02104
0.32 1.48155 1.4 1.4 1.48155
0.33 1.94207 1.6 1.6 1.94207
0.34 2.40259 1.8 1.8 2.40259
0.35 2.86311 2 2 2.86311
0.36 3.32362 2.2 2.2 3.32362
0.37 3.78414 2.4 2.4 3.78414
0.38 4.24466 2.6 2.6 4.24466
0.39 4.70518 2.8 2.8 4.70518
0.4 5.16569 3 3 5.16569
0.41 5.62621 3.2 3.2 5.62621
0.42 6.08673 3.4 3.4 6.08673
0.43 6.54725 3.6 3.6 6.54725
0.44 7.00777 3.8 3.8 7.00777
0.45 7.46828 4 4 7.46828
0.46 7.9288 4.2 4.2 7.9288
0.47 8.38932 4.4 4.4 8.38932
0.48 8.84984 4.6 4.6 8.84984
0.49 9.31035 4.8 4.8 9.31035
0.5 9.77087 5 5 9.77087
0.51 9.31035 4.8 4.8 9.31035
0.52 8.84984 4.6 4.6 8.84984
0.53 8.38932 4.4 4.4 8.38932
0.54 7.9288 4.2 4.2 7.9288
0.55 7.46828 4 4 7.46828
0.56 7.00777 3.8 3.8 7.00777
0.57 6.54725 3.6 3.6 6.54725
0.58 6.08673 3.4 3.4 6.08673
0.59 5.62621 3.2 3.2 5.62621
0.6 5.16569 3 3 5.16569
0.61 4.70518 2.8 2.8 4.70518
0.62 4.24466 2.6 2.6 4.24466
0.63 3.78414 2.4 2.4 3.78414
0.64 3.32362 2.2 2.2 3.32362
0.65 2.86311 2 2 2.86311
0.66 2.40259 1.8 1.8 2.40259
0.67 1.94207 1.6 1.6 1.94207
0.68 1.48155 1.4 1.4 1.48155
0.69 1.02104 1.2 1.2 1.02104
0.7 0.560518 1 1 0.560518
0.71 0.1 0.8 0.8 0.1
0.72 0.001 0.6 0.6 0.001
0.73 9.99901e-06 0.4 0.4 9.99901e-06
0.74 9.9e-08 0.2 0.2 9.9e-08
0.75 -2.04503e-22 -8.88178e-15 -8.88178e-15 -2.04503e-22
0.76 -9.9e-10 -0.2 -0.2 -9.9e-10
0.77 -9.999e-10 -0.4 -0.4 -9.999e-10
0.78 -9.99999e-10 -0.6 -0.6 -9.99999e-10
0.79 -1e-09 -0.8 -0.8 -1e-09
0.8 -1e-09 -1 -1 -1e-09
0.81 -1e-09 -1.2 -1.2 -1e-09
0.82 -1e-09 -1.4 -1.4 -1e-09
0.83 -1e-09 -1.6 -1.6 -1e-09
0.84 -1e-09 -1.8 -1.8 -1e-09
0.85 -1e-09 -2 -2 -1e-09
0.86 -1e-09 -2.2 -2.2 -1e-09
0.87 -1e-09 -2.4 -2.4 -1e-09
0.88 -1e-09 -2.6 -2.6 -1e-09
0.89 -1e-09 -2.8 -2.8 -1e-09
0.9 -1e-09 -3 -3 -1e-09
0.91 -1e-09 -3.2 -3.2 -1e-09
0.92 -1e-09 -3.4 -3.4 -1e-09
0.93 -1e-09 -3.6 -3.6 -1e-09
0.94 -1e-09 -3.8 -3.8 -1e-09
0.95 -1e-09 -4 -4 -1e-09
0.96 -1e-09 -4.2 -4.2 -1e-09
0.97 -1e-09 -4.4 -4.4 -1e-09
0.98 -1e-09 -4.6 -4.6 -1e-09
0.99 -1e-09 -4.8 -4.8 -1e-09
1 -1e-09 -5 -5 -1e-09
1.01 -1e-09 -4.8 -4.8 -1e-09
1.02 -1e-09 -4.6 -4.6 -1e-09
1.03 -1e-09 -4.4 -4.4 -1e-09
1.04 -1e-09 -4.2 -4.2 -1e-09
1.05 -1e-09 -4 -4 -1e-09
1.06 -1e-09 -3.8 -3.8 -1e-09
1.07 -1e-09 -3.6 -3.6 -1e-09
1.08 -1e-09 -3.4 -3.4 -1e-09
1.09 -1e-09 -3.2 -3.2 -1e-09
1.1 -1e-09 -3 -3 -1e-09
1.11 -1e-09 -2.8 -2.8 -1e-09
1.12 -1e-09 -2.6 -2.6 -1e-09
1.13 -1e-09 -2.4 -2.4 -1e-09
1.14 -1e-09 -2.2 -2.2 -1e-09
1.15 -1e-09 -2 -2 -1e-09
1.16 -1e-09 -1.8 -1.8 -1e-09
1.17 -1e-09 -1.6 -1.6 -1e-09
1.18 -1e-09 -1.4 -1.4 -1e-09
1.19 -1e-09 -1.2 -1.2 -1e-09
1.2 -1e-09 -1 -1 -1e-09
1.21 -1e-09 -0.8 -0.8 -1e-09
1.22 -9.99999e-10 -0.6 -0.6 -9.99999e-10
1.23 -9.999e-10 -0.4 -0.4 -9.999e-10
1.24 -9.9e-10 -0.2 -0.2 -9.9e-10
1.25 4.09006e-22 1.77636e-14 1.77636e-14 4.09006e-22
1.26 9.9e-08 0.2 0.2 9.9e-08
1.27 9.99901e-06 0.4 0.4 9.99901e-06
1.28 0.001 0.6 0.6 0.001
1.29 0.1 0.8 0.8 0.1
1.3 0.560518 1 1 0.560518
1.31 1.02104 1.2 1.2 1.02104
1.32 1.48155 1.4 1.4 1.48155
1.33 1.94207 1.6 1.6 1.94207
1.34 2.40259 1.8 1.8 2.40259
1.35 2.86311 2 2 2.86311
1.36 3.32362 2.2 2.2 3.32362
1.37 3.78414 2.4 2.4 3.78414
1.38 4.24466 2.6 2.6 4.24466
1.39 4.70518 2.8 2.8 4.70518
1.4 5.16569 3 3 5.16569
1.41 5.62621 3.2 3.2 5.62621
1.42 6.08673 3.4 3.4 6.08673
1.43 6.54725 3.6 3.6 6.54725
1.44 7.00777 3.8 3.8 7.00777
1.45 7.46828 4 4 7.46828
1.46 7.9288 4.2 4.2 7.9288
1.47 8.38932 4.4 4.4 8.38932
1.48 8.84984 4.6 4.6 8.84984
1.49 9.31035 4.8 4.8 9.31035
1.5 9.77087 5 5 9.77087
1.51 9.31035 4.8 4.8 9.31035
1.52 8.84984 4.6 4.6 8.84984
1.53 8.38932 4.4 4.4 8.38932
1.54 7.9288 4.2 4.2 7.9288
1.55 7.46828 4 4 7.46828
1.56 7.00777 3.8 3.8 7.00777
1.57 6.54725 3.6 3.6 6.54725
1.58 6.08673 3.4 3.4 6.08673
1.59 5.62621 3.2 3.2 5.62621
1.6 5.16569 3 3 5.16569
1.61 4.70518 2.8 2.8 4.70518
1.62 4.24466 2.6 2.6 4.24466
1.63 3.78414 2.4 2.4 3.78414
1.64 3.32362 2.2 2.2 3.32362
1.65 2.86311 2 2 2.86311
1.66 2.40259 1.8 1.8 2.40259
1.67 1.94207 1.6 1.6 1.94207
1.68 1.48155 1.4 1.4 1.48155
1.69 1.02104 1.2 1.2 1.02104
1.7 0.560518 1 1 0.560518
1.71 0.1 0.8 0.8 0.1
1.72 0.001 0.6 0.6 0.001
1.73 9.99901e-06 0.4 0.4 9.99901e-06
1.74 9.9e-08 0.2 0.2 9.9e-08
1.75 -6.13509e-22 -2.66454e-14 -2.66454e-14 -6.13509e-22
1.76 -9.9e-10 -0.2 -0.2 -9.9e-10
1.77 -9.999e-10 -0.4 -0.4 -9.999e-10
1.78 -9.99999e-10 -0.6 -0.6 -9.99999e-10
1.79 -1e-09 -0.8 -0.8 -1e-09
1.8 -1e-09 -1 -1 -1e-09
1.81 -1e-09 -1.2 -1.2 -1e-09
1.82 -1e-09 -1.4 -1.4 -1e-09
1.83 -1e-09 -1.6 -1.6 -1e-09
1.84 -1e-09 -1.8 -1.8 -1e-09
1.85 -1e-09 -2 -2 -1e-09
1.86 -1e-09 -2.2 -2.2 -1e-09
1.87 -1e-09 -2.4 -2.4 -1e-09
1.88 -1e-09 -2.6 -2.6 -1e-09
1.89 -1e-09 -2.8 -2.8 -1e-09
1.9 -1e-09 -3 -3 -1e-09
1.91 -1e-09 -3.2 -3.2 -1e-09
1.92 -1e-09 -3.4 -3.4 -1e-09
1.93 -1e-09 -3.6 -3.6 -1e-09
1.94 -1e-09 -3.8 -3.8 -1e-09
1.95 -1e-09 -4 -4 -1e-09
1.96 -1e-09 -4.2 -4.2 -1e-09
1.97 -1e-09 -4.4 -4.4 -1e-09
1.98 -1e-09 -4.6 -4.6 -1e-09
1.99 -1e-09 -4.8 -4.8 -1e-09
2 -1e-09 -5 -5 -1e-09
2.01 -1e-09 -4.8 -4.8 -1e-09
2.02 -1e-09 -4.6 -4.6 -1e-09
2.03 -1e-09 -4.4 -4.4 -1e-09
2.04 -1e-09 -4.2 -4.2 -1e-09
2.05 -1e-09 -4 -4 -1e-09
2.06 -1e-09 -3.8 -3.8 -1e-09
2.07 -1e-09 -3.6 -3.6 -1e-09
2.08 -1e-09 -3.4 -3.4 -1e-09
2.09 -1e-09 -3.2 -3.2 -1e-09
2.1 -1e-09 -3 -3 -1e-09
2.11 -1e-09 -2.8 -2.8 -1e-09
2.12 -1e-09 -2.6 -2.6 -1e-09
2.13 -1e-09 -2.4 -2.4 -1e-09
2.14 -1e-09 -2.2 -2.2 -1e-09
2.15 -1e-09 -2 -2 -1e-09
2.16 -1e-09 -1.8 -1.8 -1e-09
2.17 -1e-09 -1.6 -1.6 -1e-09
2.18 -1e-09 -1.4 -1.4 -1e-09
2.19 -1e-09 -1.2 -1.2 -1e-09
2.2 -1e-09 -1 -1 -1e-09
2.21 -1e-09 -0.8 -0.8 -1e-09
2.22 -9.99999e-10 -0.6 -0.6 -9.99999e-10
2.23 -9.999e-10 -0.4 -0.4 -9.999e-10
2.24 -9.9e-10 -0.2 -0.2 -9.9e-10
2.25 -1.84064e-21 -7.99361e-14 -7.99361e-14 -1.84064e-21
2.26 9.9e-08 0.2 0.2 9.9e-08
2.27 9.99901e-06 0.4 0.4 9.99901e-06
2.28 0.001 0.6 0.6 0.001
2.29 0.1 0.8 0.8 0.1
2.3 0.560518 1 1 0.560518
2.31 1.02104 1.2 1.2 1.02104
2.32 1.48155 1.4 1.4 1.48155
2.33 1.94207 1.6 1.6 1.94207
2.34 2.40259 1.8 1.8 2.40259
2.35 2.86311 2 2 2.86311
2.36 3.32362 2.2 2.2 3.32362
2.37 3.78414 2.4 2.4 3.78414
2.38 4.24466 2.6 2.6 4.24466
2.39 4.70518 2.8 2.8 4.70518
2.4 5.16569 3 3 5.16569
2.41 5.62621 3.2 3.2 5.62621
2.42 6.08673 3.4 3.4 6.08673
2.43 6.54725 3.6 3.6 6.54725
2.44 7.00777 3.8 3.8 7.00777
2.45 7.46828 4 4 7.46828
2.46 7.9288 4.2 4.2 7.9288
2.47 8.38932 4.4 4.4 8.38932
2.48 8.84984 4.6 4.6 8.84984
2.49 9.31035 4.8 4.8 9.31035
2.5 9.77087 5 5 9.77087
2.51 9.31035 4.8 4.8 9.31035
2.52 8.84984 4.6 4.6 8.84984
2.53 8.38932 4.4 4.4 8.38932
2.54 7.9288 4.2 4.2 7.9288
2.55 7.46828 4 4 7.46828
2.56 7.00777 3.8 3.8 7.00777
2.57 6.54725 3.6 3.6 6.54725
2.58 6.08673 3.4 3.4 6.08673
2.59 5.62621 3.2 3.2 5.62621
2.6 5.16569 3 3 5.16569
2.61 4.70518 2.8 2.8 4.70518
2.62 4.24466 2.6 2.6 4.24466
2.63 3.78414 2.4 2.4 3.78414
2.64 3.32362 2.2 2.2 3.32362
2.65 2.86311 2 2 2.86311
2.66 2.40259 1.8 1.8 2.40259
2.67 1.94207 1.6 1.6 1.94207
2.68 1.48155 1.4 1.4 1.48155
2.69 1.02104 1.2 1.2 1.02104
2.7 0.560518 1 1 0.560518
2.71 0.1 0.8 0.8 0.1
2.72 0.001 0.6 0.6 0.001
2.73 9.99901e-06 0.4 0.4 9.99901e-06
2.74 9.9e-08 0.2 0.2 9.9e-08
2.75 6.74882e-21 2.93099e-13 2.93099e-13 6.74882e-21
2.76 -9.9e-10 -0.2 -0.2 -9.9e-10
2.77 -9.999e-10 -0.4 -0.4 -9.999e-10
2.78 -9.99999e-10 -0.6 -0.6 -9.99999e-10
2.79 -1e-09 -0.8 -0.8 -1e-09
2.8 -1e-09 -1 -1 -1e-09
2.81 -1e-09 -1.2 -1.2 -1e-09
2.82 -1e-09 -1.4 -1.4 -1e-09
2.83 -1e-09 -1.6 -1.6 -1e-09
2.84 -1e-09 -1.8 -1.8 -1e-09
2.85 -1e-09 -2 -2 -1e-09
2.86 -1e-09 -2.2 -2.2 -1e-09
2.87 -1e-09 -2.4 -2.4 -1e-09
2.88 -1e-09 -2.6 -2.6 -1e-09
2.89 -1e-09 -2.8 -2.8 -1e-09
2.9 -1e-09 -3 -3 -1e-09
2.91 -1e-09 -3.2 -3.2 -1e-09
2.92 -1e-09 -3.4 -3.4 -1e-09
2.93 -1e-09 -3.6 -3.6 -1e-09
2.94 -1e-09 -3.8 -3.8 -1e-09
2.95 -1e-09 -4 -4 -1e-09
2.96 -1e-09 -4.2 -4.2 -1e-09
2.97 -1e-09 -4.4 -4.4 -1e-09
2.98 -1e-09 -4.6 -4.6 -1e-09
2.99 -1e-09 -4.8 -4.8 -1e-09
3 -1e-09 -5 -5 -1e-09
3.01 -1e-09 -4.8 -4.8 -1e-09
3.02 -1e-09 -4.6 -4.6 -1e-09
3.03 -1e-09 -4.4 -4.4 -1e-09
3.04 -1e-09 -4.2 -4.2 -1e-09
3.05 -1e-09 -4 -4 -1e-09
3.06 -1e-09 -3.8 -3.8 -1e-09
3.07 -1e-09 -3.6 -3.6 -1e-09
3.08 -1e-09 -3.4 -3.4 -1e-09
3.09 -1e-09 -3.2 -3.2 -1e-09
3.1 -1e-09 -3 -3 -1e-09
3.11 -1e-09 -2.8 -2.8 -1e-09
3.12 -1e-09 -2.6 -2.6 -1e-09
3.13 -1e-09 -2.4 -2.4 -1e-09
3.14 -1e-09 -2.2 -2.2 -1e-09
3.15 -1e-09 -2 -2 -1e-09
3.16 -1e-09 -1.8 -1.8 -1e-09
3.17 -1e-09 -1.6 -1.6 -1e-09
3.18 -1e-09 -1.4 -1.4 -1e-09
3.19 -1e-09 -1.2 -1.2 -1e-09
3.2 -1e-09 -1 -1 -1e-09
3.21 -1e-09 -0.8 -0.8 -1e-09
3.22 -9.99999e-10 -0.6 -0.6 -9.99999e-10
3.23 -9.999e-10 -0.4 -0.4 -9.999e-10
3.24 -9.9e-10 -0.2 -0.2 -9.9e-10
3.25 -1.16571e-20 -5.06262e-13 -5.06262e-13 -1.16571e-20
3.26 9.9e-08 0.2 0.2 9.9e-08
3.27 9.99901e-06 0.4 0.4 9.99901e-06
3.28 0.001 0.6 0.6 0.001
3.29 0.1 0.8 0.8 0.1
3.3 0.560518 1 1 0.560518
3.31 1.02104 1.2 1.2 1.02104
3.32 1.48155 1.4 1.4 1.48155
3.33 1.94207 1.6 1.6 1.94207
3.34 2.40259 1.8 1.8 2.40259
3.35 2.86311 2 2 2.86311
3.36 3.32362 2.2 2.2 3.32362
3.37 3.78414 2.4 2.4 3.78414
3.38 4.24466 2.6 2.6 4.24466
3.39 4.70518 2.8 2.8 4.70518
3.4 5.16569 3 3 5.16569
3.41 5.62621 3.2 3.2 5.62621
3.42 6.08673 3.4 3.4 6.08673
3.43 6.54725 3.6 3.6 6.54725
3.44 7.00777 3.8 3.8 7.00777
3.45 7.46828 4 4 7.46828
3.46 7.9288 4.2 4.2 7.9288
3.47 8.38932 4.4 4.4 8.38932
3.48 8.84984 4.6 4.6 8.84984
3.49 9.31035 4.8 4.8 9.31035
3.5 9.77087 5 5 9.77087
3.51 9.31035 4.8 4.8 9.31035
3.52 8.84984 4.6 4.6 8.84984
3.53 8.38932 4.4 4.4 8.38932
3.54 7.9288 4.2 4.2 7.9288
3.55 7.46828 4 4 7.46828
3.56 7.00777 3.8 3.8 7.00777
3.57 6.54725 3.6 3.6 6.54725
3.58 6.08673 3.4 3.4 6.08673
3.59 5.62621 3.2 3.2 5.62621
3.6 5.16569 3 3 5.16569
3.61 4.70518 2.8 2.8 4.70518
3.62 4.24466 2.6 2.6 4.24466
3.63 3.78414 2.4 2.4 3.78414
3.64 3.32362 2.2 2.2 3.32362
3.65 2.86311 2 2 2.86311
3.66 2.40259 1.8 1.8 2.40259
3.67 1.94207 1.6 1.6 1.94207
3.68 1.48155 1.4 1.4 1.48155
3.69 1.02104 1.2 1.2 1.02104
3.7 0.560518 1 1 0.560518
3.71 0.1 0.8 0.8 0.1
3.72 0.001 0.6 0.6 0.001
3.73 9.99901e-06 0.4 0.4 9.99901e-06
3.74 9.9e-08 0.2 0.2 9.9e-08
3.75 1.65654e-20 7.19425e-13 7.19425e-13 1.65654e-20
3.76 -9.9e-10 -0.2 -0.2 -9.9e-10
3.77 -9.999e-10 -0.4 -0.4 -9.999e-10
3.78 -9.99999e-10 -0.6 -0.6 -9.99999e-10
3.79 -1e-09 -0.8 -0.8 -1e-09
3.8 -1e-09 -1 -1 -1e-09
3.81 -1e-09 -1.2 -1.2 -1e-09
3.82 -1e-09 -1.4 -1.4 -1e-09
3.83 -1e-09 -1.6 -1.6 -1e-09
3.84 -1e-09 -1.8 -1.8 -1e-09
3.85 -1e-09 -2 -2 -1e-09
3.86 -1e-09 -2.2 -2.2 -1e-09
3.87 -1e-09 -2.4 -2.4 -1e-09
3.88 -1e-09 -2.6 -2.6 -1e-09
3.89 -1e-09 -2.8 -2.8 -1e-09
3.9 -1e-09 -3 -3 -1e-09
3.91 -1e-09 -3.2 -3.2 -1e-09
3.92 -1e-09 -3.4 -3.4 -1e-09
3.93 -1e-09 -3.6 -3.6 -1e-09
3.94 -1e-09 -3.8 -3.8 -1e-09
3.95 -1e-09 -4 -4 -1e-09
3.96 -1e-09 -4.2 -4.2 -1e-09
3.97 -1e-09 -4.4 -4.4 -1e-09
3.98 -1e-09 -4.6 -4.6 -1e-09
3.99 -1e-09 -4.8 -4.8 -1e-09
4 -1e-09 -5 -5 -1e-09
4.01 -1e-09 -4.8 -4.8 -1e-09
4.02 -1e-09 -4.6 -4.6 -1e-09
4.03 -1e-09 -4.4 -4.4 -1e-09
4.04 -1e-09 -4.2 -4.2 -1e-09
4.05 -1e-09 -4 -4 -1e-09
4.06 -1e-09 -3.8 -3.8 -1e-09
4.07 -1e-09 -3.6 -3.6 -1e-09
4.08 -1e-09 -3.4 -3.4 -1e-09
4.09 -1e-09 -3.2 -3.2 -1e-09
4.1 -1e-09 -3 -3 -1e-09
4.11 -1e-09 -2.8 -2.8 -1e-09
4.12 -1e-09 -2.6 -2.6 -1e-09
4.13 -1e-09 -2.4 -2.4 -1e-09
4.14 -1e-09 -2.2 -2.2 -1e-09
4.15 -1e-09 -2 -2 -1e-09
4.16 -1e-09 -1.8 -1.8 -1e-09
4.17 -1e-09 -1.6 -1.6 -1e-09
4.18 -1e-09 -1.4 -1.4 -1e-09
4.19 -1e-09 -1.2 -1.2 -1e-09
4.2 -1e-09 -1 -1 -1e-09
4.21 -1e-09 -0.8 -0.8 -1e-09
4.22 -9.99999e-10 -0.6 -0.6 -9.99999e-10
4.23 -9.999e-10 -0.4 -0.4 -9.999e-10
4.24 -9.9e-10 -0.2 -0.2 -9.9e-10
4.25 -2.12691e-20 -9.23706e-13 -9.23706e-13 -2.12691e-20
4.26 9.9e-08 0.2 0.2 9.9e-08
4.27 9.99901e-06 0.4 0.4 9.99901e-06
4.28 0.001 0.6 0.6 0.001
4.29 0.1 0.8 0.8 0.1
4.3 0.560518 1 1 0.560518
4.31 1.02104 1.2 1.2 1.02104
4.32 1.48155 1.4 1.4 1.48155
4.33 1.94207 1.6 1.6 1.94207
4.34 2.40259 1.8 1.8 2.40259
4.35 2.86311 2 2 2.86311
4.36 3.32362 2.2 2.2 3.32362
4.37 3.78414 2.4 2.4 3.78414
4.38 4.24466 2.6 2.6 4.24466
4.39 4.70518 2.8 2.8 4.70518
4.4 5.16569 3 3 5.16569
4.41 5.62621 3.2 3.2 5.62621
4.42 6.08673 3.4 3.4 6.08673
4.43 6.54725 3.6 3.6 6.54725
4.44 7.00777 3.8 3.8 7.00777
4.45 7.46828 4 4 7.46828
4.46 7.9288 4.2 4.2 7.9288
4.47 8.38932 4.4 4.4 8.38932
4.48 8.84984 4.6 4.6 8.84984
4.49 9.31035 4.8 4.8 9.31035
4.5 9.77087 5 5 9.77087
4.51 9.31035 4.8 4.8 9.31035
4.52 8.84984 4.6 4.6 8.84984
4.53 8.38932 4.4 4.4 8.38932
4.54 7.9288 4.2 4.2 7.9288
4.55 7.46828 4 4 7.46828
4.56 7.00777 3.8 3.8 7.00777
4.57 6.54725 3.6 3.6 6.54725
4.58 6.08673 3.4 3.4 6.08673
4.59 5.62621 3.2 3.2 5.62621
4.6 5.16569 3 3 5.16569
4.61 4.70518 2.8 2.8 4.70518
4.62 4.24466 2.6 2.6 4.24466
4.63 3.78414 2.4 2.4 3.78414
4.64 3.32362 2.2 2.2 3.32362
4.65 2.86311 2 2 2.86311
4.66 2.40259 1.8 1.8 2.40259
4.67 1.94207 1.6 1.6 1.94207
4.68 1.48155 1.4 1.4 1.48155
4.69 1.02104 1.2 1.2 1.02104
4.7 0.560518 1 1 0.560518
4.71 0.1 0.8 0.8 0.1
4.72 0.001 0.6 0.6 0.001
4.73 9.99901e-06 0.4 0.4 9.99901e-06
4.74 9.9e-08 0.2 0.2 9.9e-08
4.75 2.61773e-20 1.13687e-12 1.13687e-12 2.61773e-20
4.76 -9.9e-10 -0.2 -0.2 -9.9e-10
4.77 -9.999e-10 -0.4 -0.4 -9.999e-10
4.78 -9.99999e-10 -0.6 -0.6 -9.99999e-10
4.79 -1e-09 -0.8 -0.8 -1e-09
4.8 -1e-09 -1 -1 -1e-09
4.81 -1e-09 -1.2 -1.2 -1e-09
4.82 -1e-09 -1.4 -1.4 -1e-09
4.83 -1e-09 -1.6 -1.6 -1e-09
4.84 -1e-09 -1.8 -1.8 -1e-09
4.85 -1e-09 -2 -2 -1e-09
4.86 -1e-09 -2.2 -2.2 -1e-09
4.87 -1e-09 -2.4 -2.4 -1e-09
4.88 -1e-09 -2.6 -2.6 -1e-09
4.89 -1e-09 -2.8 -2.8 -1e-09
4.9 -1e-09 -3 -3 -1e-09
4.91 -1e-09 -3.2 -3.2 -1e-09
4.92 -1e-09 -3.4 -3.4 -1e-09
4.93 -1e-09 -3.6 -3.6 -1e-09
4.94 -1e-09 -3.8 -3.8 -1e-09
4.95 -1e-09 -4 -4 -1e-09
4.96 -1e-09 -4.2 -4.2 -1e-09
4.97 -1e-09 -4.4 -4.4 -1e-09
4.98 -1e-09 -4.6 -4.6 -1e-09
4.99 -1e-09 -4.8 -4.8 -1e-09
5 -1e-09 -5 -5 -1e-09
5.01 -1e-09 -4.8 -4.8 -1e-09
5.02 -1e-09 -4.6 -4.6 -1e-09
5.03 -1e-09 -4.4 -4.4 -1e-09
5.04 -1e-09 -4.2 -4.2 -1e-09
5.05 -1e-09 -4 -4 -1e-09
5.06 -1e-09 -3.8 -3.8 -1e-09
5.07 -1e-09 -3.6 -3.6 -1e-09
5.08 -1e-09 -3.4 -3.4 -1e-09
5.09 -1e-09 -3.2 -3.2 -1e-09
5.1 -1e-09 -3 -3 -1e-09
5.11 -1e-09 -2.8 -2.8 -1e-09
5.12 -1e-09 -2.6 -2.6 -1e-09
5.13 -1e-09 -2.4 -2.4 -1e-09
5.14 -1e-09 -2.2 -2.2 -1e-09
5.15 -1e-09 -2 -2 -1e-09
5.16 -1e-09 -1.8 -1.8 -1e-09
5.17 -1e-09 -1.6 -1.6 -1e-09
5.18 -1e-09 -1.4 -1.4 -1e-09
5.19 -1e-09 -1.2 -1.2 -1e-09
5.2 -1e-09 -1 -1 -1e-09
5.21 -1e-09 -0.8 -0.8 -1e-09
5.22 -9.99999e-10 -0.6 -0.6 -9.99999e-10
5.23 -9.999e-10 -0.4 -0.4 -9.999e-10
5.24 -9.9e-10 -0.2 -0.2 -9.9e-10
5.25 -3.10856e-20 -1.35003e-12 -1.35003e-12 -3.10856e-20
5.26 9.9e-08 0.2 0.2 9.9e-08
5.27 9.99901e-06 0.4 0.4 9.99901e-06
5.28 0.001 0.6 0.6 0.001
5.29 0.1 0.8 0.8 0.1
5.3 0.560518 1 1 0.560518
5.31 1.02104 1.2 1.2 1.02104
5.32 1.48155 1.4 1.4 1.48155
5.33 1.94207 1.6 1.6 1.94207
5.34 2.40259 1.8 1.8 2.40259
5.35 2.86311 2 2 2.86311
5.36 3.32362 2.2 2.2 3.32362
5.37 3.78414 2.4 2.4 3.78414
5.38 4.24466 2.6 2.6 4.24466
5.39 4.70518 2.8 2.8 4.70518
5.4 5.16569 3 3 5.16569
5.41 5.62621 3.2 3.2 5.62621
5.42 6.08673 3.4 3.4 6.08673
5.43 6.54725 3.6 3.6 6.54725
5.44 7.00777 3.8 3.8 7.00777
5.45 7.46828 4 4 7.46828
5.46 7.9288 4.2 4.2 7.9288
5.47 8.38932 4.4 4.4 8.38932
5.48 8.84984 4.6 4.6 8.84984
5.49 9.31035 4.8 4.8 9.31035
5.5 9.77087 5 5 9.77087
5.51 9.31035 4.8 4.8 9.31035
5.52 8.84984 4.6 4.6 8.84984
5.53 8.38932 4.4 4.4 8.38932
5.54 7.9288 4.2 4.2 7.9288
5.55 7.46828 4 4 7.46828
5.56 7.00777 3.8 3.8 7.00777
5.57 6.54725 3.6 3.6 6.54725
5.58 6.08673 3.4 3.4 6.08673
5.59 5.62621 3.2 3.2 5.62621
5.6 5.16569 3 3 5.16569
5.61 4.70518 2.8 2.8 4.70518
5.62 4.24466 2.6 2.6 4.24466
5.63 3.78414 2.4 2.4 3.78414
5.64 3.32362 2.2 2.2 3.32362
5.65 2.86311 2 2 2.86311
5.66 2.40259 1.8 1.8 2.40259
5.67 1.94207 1.6 1.6 1.94207
5.68 1.48155 1.4 1.4 1.48155
5.69 1.02104 1.2 1.2 1.02104
5.7 0.560518 1 1 0.560518
5.71 0.1 0.8 0.8 0.1
5.72 0.001 0.6 0.6 0.001
5.73 9.99901e-06 0.4 0.4 9.99901e-06
5.74 9.9e-08 0.2 0.2 9.9e-08
5.75 3.59939e-20 1.56319e-12 1.56319e-12 3.59939e-20
5.76 -9.9e-10 -0.2 -0.2 -9.9e-10
5.77 -9.999e-10 -0.4 -0.4 -9.999e-10
5.78 -9.99999e-10 -0.6 -0.6 -9.99999e-10
5.79 -1e-09 -0.8 -0.8 -1e-09
5.8 -1e-09 -1 -1 -1e-09
5.81 -1e-09 -1.2 -1.2 -1e-09
5.82 -1e-09 -1.4 -1.4 -1e-09
5.83 -1e-09 -1.6 -1.6 -1e-09
5.84 -1e-09 -1.8 -1.8 -1e-09
5.85 -1e-09 -2 -2 -1e-09
5.86 -1e-09 -2.2 -2.2 -1e-09
5.87 -1e-09 -2.4 -2.4 -1e-09
5.88 -1e-09 -2.6 -2.6 -1e-09
5.89 -1e-09 -2.8 -2.8 -1e-09
5.9 -1e-09 -3 -3 -1e-09
5.91 -1e-09 -3.2 -3.2 -1e-09
5.92 -1e-09 -3.4 -3.4 -1e-09
5.93 -1e-09 -3.6 -3.6 -1e-09
5.94 -1e-09 -3.8 -3.8 -1e-09
5.95 -1e-09 -4 -4 -1e-09
5.96 -1e-09 -4.2 -4.2 -1e-09
5.97 -1e-09 -4.4 -4.4 -1e-09
5.98 -1e-09 -4.6 -4.6 -1e-09
5.99 -1e-09 -4.8 -4.8 -1e-09
6 -1e-09 -5 -5 -1e-09
6.01 -1e-09 -5 -5 -1e-09
6.02 -1e-09 -5 -5 -1e-09
6.03 -1e-09 -5 -5 -1e-09
6.04 -1e-09 -5 -5 -1e-09
6.05 -1e-09 -5 -5 -1e-09
6.06 -1e-09 -5 -5 -1e-09
6.07 -1e-09 -5 -5 -1e-09
6.08 -1e-09 -5 -5 -1e-09
6.09 -1e-09 -5 -5 -1e-09
6.1 -1e-09 -5 -5 -1e-09
6.11 -1e-09 -5 -5 -1e-09
6.12 -1e-09 -5 -5 -1e-09
6.13 -1e-09 -5 -5 -1e-09
6.14 -1e-09 -5 -5 -1e-09
6.15 -1e-09 -5 -5 -1e-09
6.16 -1e-09 -5 -5 -1e-09
6.17 -1e-09 -5 -5 -1e-09
6.18 -1e-09 -5 -5 -1e-09
6.19 -1e-09 -5 -5 -1e-09
6.2 -1e-09 -5 -5 -1e-09
6.21 -1e-09 -5 -5 -1e-09
6.22 -1e-09 -5 -5 -1e-09
6.23 -1e-09 -5 -5 -1e-09
6.24 -1e-09 -5 -5 -1e-09
6.25 -1e-09 -5 -5 -1e-09
6.26 -1e-09 -5 -5 -1e-09
6.27 -1e-09 -5 -5 -1e-09
6.28 -1e-09 -5 -5 -1e-09
6.29 -1e-09 -5 -5 -1e-09
6.3 -1e-09 -5 -5 -1e-09
6.31 -1e-09 -5 -5 -1e-09
6.32 -1e-09 -5 -5 -1e-09
6.33 -1e-09 -5 -5 -1e-09
6.34 -1e-09 -5 -5 -1e-09
6.35 -1e-09 -5 -5 -1e-09
6.36 -1e-09 -5 -5 -1e-09
6.37 -1e-09 -5 -5 -1e-09
6.38 -1e-09 -5 -5 -1e-09
6.39 -1e-09 -5 -5 -1e-09
6.4 -1e-09 -5 -5 -1e-09
6.41 -1e-09 -5 -5 -1e-09
6.42 -1e-09 -5 -5 -1e-09
6.43 -1e-09 -5 -5 -1e-09
6.44 -1e-09 -5 -5 -1e-09
6.45 -1e-09 -5 -5 -1e-09
6.46 -1e-09 -5 -5 -1e-09
6.47 -1e-09 -5 -5 -1e-09
6.48 -1e-09 -5 -5 -1e-09
6.49 -1e-09 -5 -5 -1e-09
6.5 -1e-09 -5 -5 -1e-09
6.51 -1e-09 -5 -5 -1e-09
6.52 -1e-09 -5 -5 -1e-09
6.53 -1e-09 -5 -5 -1e-09
6.54 -1e-09 -5 -5 -1e-09
6.55 -1e-09 -5 -5 -1e-09
6.56 -1e-09 -5 -5 -1e-09
6.57 -1e-09 -5 -5 -1e-09
6.58 -1e-09 -5 -5 -1e-09
6.59 -1e-09 -5 -5 -1e-09
6.6 -1e-09 -5 -5 -1e-09
6.61 -1e-09 -5 -5 -1e-09
6.62 -1e-09 -5 -5 -1e-09
6.63 -1e-09 -5 -5 -1e-09
6.64 -1e-09 -5 -5 -1e-09
6.65 -1e-09 -5 -5 -1e-09
6.66 -1e-09 -5 -5 -1e-09
6.67 -1e-09 -5 -5 -1e-09
6.68 -1e-09 -5 -5 -1e-09
6.69 -1e-09 -5 -5 -1e-09
6.7 -1e-09 -5 -5 -1e-09
6.71 -1e-09 -5 -5 -1e-09
6.72 -1e-09 -5 -5 -1e-09
6.73 -1e-09 -5 -5 -1e-09
6.74 -1e-09 -5 -5 -1e-09
6.75 -1e-09 -5 -5 -1e-09
6.76 -1e-09 -5 -5 -1e-09
6.77 -1e-09 -5 -5 -1e-09
6.78 -1e-09 -5 -5 -1e-09
6.79 -1e-09 -5 -5 -1e-09
6.8 -1e-09 -5 -5 -1e-09
6.81 -1e-09 -5 -5 -1e-09
6.82 -1e-09 -5 -5 -1e-09
6.83 -1e-09 -5 -5 -1e-09
6.84 -1e-09 -5 -5 -1e-09
6.85 -1e-09 -5 -5 -1e-09
6.86 -1e-09 -5 -5 -1e-09
6.87 -1e-09 -5 -5 -1e-09
6.88 -1e-09 -5 -5 -1e-09
6.89 -1e-09 -5 -5 -1e-09
6.9 -1e-09 -5 -5 -1e-09
6.91 -1e-09 -5 -5 -1e-09
6.92 -1e-09 -5 -5 -1e-09
6.93 -1e-09 -5 -5 -1e-09
6.94 -1e-09 -5 -5 -1e-09
6.95 -1e-09 -5 -5 -1e-09
6.96 -1e-09 -5 -5 -1e-09
6.97 -1e-09 -5 -5 -1e-09
6.98 -1e-09 -5 -5 -1e-09
6.99 -1e-09 -5 -5 -1e-09
7 -1e-09 -5 -5 -1e-09
7.01 -1e-09 -5 -5 -1e-09
7.02 -1e-09 -5 -5 -1e-09
7.03 -1e-09 -5 -5 -1e-09
7.04 -1e-09 -5 -5 -1e-09
7.05 -1e-09 -5 -5 -1e-09
7.06 -1e-09 -5 -5 -1e-09
7.07 -1e-09 -5 -5 -1e-09
7.08 -1e-09 -5 -5 -1e-09
7.09 -1e-09 -5 -5 -1e-09
7.1 -1e-09 -5 -5 -1e-09
7.11 -1e-09 -5 -5 -1e-09
7.12 -1e-09 -5 -5 -1e-09
7.13 -1e-09 -5 -5 -1e-09
7.14 -1e-09 -5 -5 -1e-09
7.15 -1e-09 -5 -5 -1e-09
7.16 -1e-09 -5 -5 -1e-09
7.17 -1e-09 -5 -5 -1e-09
7.18 -1e-09 -5 -5 -1e-09
7.19 -1e-09 -5 -5 -1e-09
7.2 -1e-09 -5 -5 -1e-09
7.21 -1e-09 -5 -5 -1e-09
7.22 -1e-09 -5 -5 -1e-09
7.23 -1e-09 -5 -5 -1e-09
7.24 -1e-09 -5 -5 -1e-09
7.25 -1e-09 -5 -5 -1e-09
7.26 -1e-09 -5 -5 -1e-09
7.27 -1e-09 -5 -5 -1e-09
7.28 -1e-09 -5 -5 -1e-09
7.29 -1e-09 -5 -5 -1e-09
7.3 -1e-09 -5 -5 -1e-09
7.31 -1e-09 -5 -5 -1e-09
7.32 -1e-09 -5 -5 -1e-09
7.33 -1e-09 -5 -5 -1e-09
7.34 -1e-09 -5 -5 -1e-09
7.35 -1e-09 -5 -5 -1e-09
7.36 -1e-09 -5 -5 -1e-09
7.37 -1e-09 -5 -5 -1e-09
7.38 -1e-09 -5 -5 -1e-09
7.39 -1e-09 -5 -5 -1e-09
7.4 -1e-09 -5 -5 -1e-09
7.41 -1e-09 -5 -5 -1e-09
7.42 -1e-09 -5 -5 -1e-09
7.43 -1e-09 -5 -5 -1e-09
7.44 -1e-09 -5 -5 -1e-09
7.45 -1e-09 -5 -5 -1e-09
7.46 -1e-09 -5 -5 -1e-09
7.47 -1e-09 -5 -5 -1e-09
7.48 -1e-09 -5 -5 -1e-09
7.49 -1e-09 -5 -5 -1e-09
7.5 -1e-09 -5 -5 -1e-09
7.51 -1e-09 -5 -5 -1e-09
7.52 -1e-09 -5 -5 -1e-09
7.53 -1e-09 -5 -5 -1e-09
7.54 -1e-09 -5 -5 -1e-09
7.55 -1e-09 -5 -5 -1e-09
7.56 -1e-09 -5 -5 -1e-09
7.57 -1e-09 -5 -5 -1e-09
7.58 -1e-09 -5 -5 -1e-09
7.59 -1e-09 -5 -5 -1e-09
7.6 -1e-09 -5 -5 -1e-09
7.61 -1e-09 -5 -5 -1e-09
7.62 -1e-09 -5 -5 -1e-09
7.63 -1e-09 -5 -5 -1e-09
7.64 -1e-09 -5 -5 -1e-09
7.65 -1e-09 -5 -5 -1e-09
7.66 -1e-09 -5 -5 -1e-09
7.67 -1e-09 -5 -5 -1e-09
7.68 -1e-09 -5 -5 -1e-09
7.69 -1e-09 -5 -5 -1e-09
7.7 -1e-09 -5 -5 -1e-09
7.71 -1e-09 -5 -5 -1e-09
7.72 -1e-09 -5 -5 -1e-09
7.73 -1e-09 -5 -5 -1e-09
7.74 -1e-09 -5 -5 -1e-09
7.75 -1e-09 -5 -5 -1e-09
7.76 -1e-09 -5 -5 -1e-09
7.77 -1e-09 -5 -5 -1e-09
7.78 -1e-09 -5 -5 -1e-09
7.79 -1e-09 -5 -5 -1e-09
7.8 -1e-09 -5 -5 -1e-09
7.81 -1e-09 -5 -5 -1e-09
7.82 -1e-09 -5 -5 -1e-09
7.83 -1e-09 -5 -5 -1e-09
7.84 -1e-09 -5 -5 -1e-09
7.85 -1e-09 -5 -5 -1e-09
7.86 -1e-09 -5 -5 -1e-09
7.87 -1e-09 -5 -5 -1e-09
7.88 -1e-09 -5 -5 -1e-09
7.89 -1e-09 -5 -5 -1e-09
7.9 -1e-09 -5 -5 -1e-09
7.91 -1e-09 -5 -5 -1e-09
7.92 -1e-09 -5 -5 -1e-09
7.93 -1e-09 -5 -5 -1e-09
7.94 -1e-09 -5 -5 -1e-09
7.95 -1e-09 -5 -5 -1e-09
7.96 -1e-09 -5 -5 -1e-09
7.97 -1e-09 -5 -5 -1e-09
7.98 -1e-09 -5 -5 -1e-09
7.99 -1e-09 -5 -5 -1e-09
8 -1e-09 -5 -5 -1e-09
8.01 -1e-09 -5 -5 -1e-09
8.02 -1e-09 -5 -5 -1e-09
8.03 -1e-09 -5 -5 -1e-09
8.04 -1e-09 -5 -5 -1e-09
8.05 -1e-09 -5 -5 -1e-09
8.06 -1e-09 -5 -5 -1e-09
8.07 -1e-09 -5 -5 -1e-09
8.08 -1e-09 -5 -5 -1e-09
8.09 -1e-09 -5 -5 -1e-09
8.1 -1e-09 -5 -5 -1e-09
8.11 -1e-09 -5 -5 -1e-09
8.12 -1e-09 -5 -5 -1e-09
8.13 -1e-09 -5 -5 -1e-09
8.14 -1e-09 -5 -5 -1e-09
8.15 -1e-09 -5 -5 -1e-09
8.16 -1e-09 -5 -5 -1e-09
8.17 -1e-09 -5 -5 -1e-09
8.18 -1e-09 -5 -5 -1e-09
8.19 -1e-09 -5 -5 -1e-09
8.2 -1e-09 -5 -5 -1e-09
8.21 -1e-09 -5 -5 -1e-09
8.22 -1e-09 -5 -5 -1e-09
8.23 -1e-09 -5 -5 -1e-09
8.24 -1e-09 -5 -5 -1e-09
8.25 -1e-09 -5 -5 -1e-09
8.26 -1e-09 -5 -5 -1e-09
8.27 -1e-09 -5 -5 -1e-09
8.28 -1e-09 -5 -5 -1e-09
8.29 -1e-09 -5 -5 -1e-09
8.3 -1e-09 -5 -5 -1e-09
8.31 -1e-09 -5 -5 -1e-09
8.32 -1e-09 -5 -5 -1e-09
8.33 -1e-09 -5 -5 -1e-09
8.34 -1e-09 -5 -5 -1e-09
8.35 -1e-09 -5 -5 -1e-09
8.36 -1e-09 -5 -5 -1e-09
8.37 -1e-09 -5 -5 -1e-09
8.38 -1e-09 -5 -5 -1e-09
8.39 -1e-09 -5 -5 -1e-09
8.4 -1e-09 -5 -5 -1e-09
8.41 -1e-09 -5 -5 -1e-09
8.42 -1e-09 -5 -5 -1e-09
8.43 -1e-09 -5 -5 -1e-09
8.44 -1e-09 -5 -5 -1e-09
8.45 -1e-09 -5 -5 -1e-09
8.46 -1e-09 -5 -5 -1e-09
8.47 -1e-09 -5 -5 -1e-09
8.48 -1e-09 -5 -5 -1e-09
8.49 -1e-09 -5 -5 -1e-09
8.5 -1e-09 -5 -5 -1e-09
8.51 -1e-09 -5 -5 -1e-09
8.52 -1e-09 -5 -5 -1e-09
8.53 -1e-09 -5 -5 -1e-09
8.54 -1e-09 -5 -5 -1e-09
8.55 -1e-09 -5 -5 -1e-09
8.56 -1e-09 -5 -5 -1e-09
8.57 -1e-09 -5 -5 -1e-09
8.58 -1e-09 -5 -5 -1e-09
8.59 -1e-09 -5 -5 -1e-09
8.6 -1e-09 -5 -5 -1e-09
8.61 -1e-09 -5 -5 -1e-09
8.62 -1e-09 -5 -5 -1e-09
8.63 -1e-09 -5 -5 -1e-09
8.64 -1e-09 -5 -5 -1e-09
8.65 -1e-09 -5 -5 -1e-09
8.66 -1e-09 -5 -5 -1e-09
8.67 -1e-09 -5 -5 -1e-09
8.68 -1e-09 -5 -5 -1e-09
8.69 -1e-09 -5 -5 -1e-09
8.7 -1e-09 -5 -5 -1e-09
8.71 -1e-09 -5 -5 -1e-09
8.72 -1e-09 -5 -5 -1e-09
8.73 -1e-09 -5 -5 -1e-09
8.74 -1e-09 -5 -5 -1e-09
8.75 -1e-09 -5 -5 -1e-09
8.76 -1e-09 -5 -5 -1e-09
8.77 -1e-09 -5 -5 -1e-09
8.78 -1e-09 -5 -5 -1e-09
8.79 -1e-09 -5 -5 -1e-09
8.8 -1e-09 -5 -5 -1e-09
8.81 -1e-09 -5 -5 -1e-09
8.82 -1e-09 -5 -5 -1e-09
8.83 -1e-09 -5 -5 -1e-09
8.84 -1e-09 -5 -5 -1e-09
8.85 -1e-09 -5 -5 -1e-09
8.86 -1e-09 -5 -5 -1e-09
8.87 -1e-09 -5 -5 -1e-09
8.88 -1e-09 -5 -5 -1e-09
8.89 -1e-09 -5 -5 -1e-09
8.9 -1e-09 -5 -5 -1e-09
8.91 -1e-09 -5 -5 -1e-09
8.92 -1e-09 -5 -5 -1e-09
8.93 -1e-09 -5 -5 -1e-09
8.94 -1e-09 -5 -5 -1e-09
8.95 -1e-09 -5 -5 -1e-09
8.96 -1e-09 -5 -5 -1e-09
8.97 -1e-09 -5 -5 -1e-09
8.98 -1e-09 -5 -5 -1e-09
8.99 -1e-09 -5 -5 -1e-09
9 -1e-09 -5 -5 -1e-09
9.01 -1e-09 -5 -5 -1e-09
9.02 -1e-09 -5 -5 -1e-09
9.03 -1e-09 -5 -5 -1e-09
9.04 -1e-09 -5 -5 -1e-09
9.05 -1e-09 -5 -5 -1e-09
9.06 -1e-09 -5 -5 -1e-09
9.07 -1e-09 -5 -5 -1e-09
9.08 -1e-09 -5 -5 -1e-09
9.09 -1e-09 -5 -5 -1e-09
9.1 -1e-09 -5 -5 -1e-09
9.11 -1e-09 -5 -5 -1e-09
9.12 -1e-09 -5 -5 -1e-09
9.13 -1e-09 -5 -5 -1e-09
9.14 -1e-09 -5 -5 -1e-09
9.15 -1e-09 -5 -5 -1e-09
9.16 -1e-09 -5 -5 -1e-09
9.17 -1e-09 -5 -5 -1e-09
9.18 -1e-09 -5 -5 -1e-09
9.19 -1e-09 -5 -5 -1e-09
9.2 -1e-09 -5 -5 -1e-09
9.21 -1e-09 -5 -5 -1e-09
9.22 -1e-09 -5 -5 -1e-09
9.23 -1e-09 -5 -5 -1e-09
9.24 -1e-09 -5 -5 -1e-09
9.25 -1e-09 -5 -5 -1e-09
9.26 -1e-09 -5 -5 -1e-09
9.27 -1e-09 -5 -5 -1e-09
9.28 -1e-09 -5 -5 -1e-09
9.29 -1e-09 -5 -5 -1e-09
9.3 -1e-09 -5 -5 -1e-09
9.31 -1e-09 -5 -5 -1e-09
9.32 -1e-09 -5 -5 -1e-09
9.33 -1e-09 -5 -5 -1e-09
9.34 -1e-09 -5 -5 -1e-09
9.35 -1e-09 -5 -5 -1e-09
9.36 -1e-09 -5 -5 -1e-09
9.37 -1e-09 -5 -5 -1e-09
9.38 -1e-09 -5 -5 -1e-09
9.39 -1e-09 -5 -5 -1e-09
9.4 -1e-09 -5 -5 -1e-09
9.41 -1e-09 -5 -5 -1e-09
9.42 -1e-09 -5 -5 -1e-09
9.43 -1e-09 -5 -5 -1e-09
9.44 -1e-09 -5 -5 -1e-09
9.45 -1e-09 -5 -5 -1e-09
9.46 -1e-09 -5 -5 -1e-09
9.47 -1e-09 -5 -5 -1e-09
9.48 -1e-09 -5 -5 -1e-09
9.49 -1e-09 -5 -5 -1e-09
9.5 -1e-09 -5 -5 -1e-09
9.51 -1e-09 -5 -5 -1e-09
9.52 -1e-09 -5 -5 -1e-09
9.53 -1e-09 -5 -5 -1e-09
9.54 -1e-09 -5 -5 -1e-09
9.55 -1e-09 -5 -5 -1e-09
9.56 -1e-09 -5 -5 -1e-09
9.57 -1e-09 -5 -5 -1e-09
9.58 -1e-09 -5 -5 -1e-09
9.59 -1e-09 -5 -5 -1e-09
9.6 -1e-09 -5 -5 -1e-09
9.61 -1e-09 -5 -5 -1e-09
9.62 -1e-09 -5 -5 -1e-09
9.63 -1e-09 -5 -5 -1e-09
9.64 -1e-09 -5 -5 -1e-09
9.65 -1e-09 -5 -5 -1e-09
9.66 -1e-09 -5 -5 -1e-09
9.67 -1e-09 -5 -5 -1e-09
9.68 -1e-09 -5 -5 -1e-09
9.69 -1e-09 -5 -5 -1e-09
9.7 -1e-09 -5 -5 -1e-09
9.71 -1e-09 -5 -5 -1e-09
9.72 -1e-09 -5 -5 -1e-09
9.73 -1e-09 -5 -5 -1e-09
9.74 -1e-09 -5 -5 -1e-09
9.75 -1e-09 -5 -5 -1e-09
9.76 -1e-09 -5 -5 -1e-09
9.77 -1e-09 -5 -5 -1e-09
9.78 -1e-09 -5 -5 -1e-09
9.79 -1e-09 -5 -5 -1e-09
9.8 -1e-09 -5 -5 -1e-09
9.81 -1e-09 -5 -5 -1e-09
9.82 -1e-09 -5 -5 -1e-09
9.83 -1e-09 -5 -5 -1e-09
9.84 -1e-09 -5 -5 -1e-09
9.85 -1e-09 -5 -5 -1e-09
9.86 -1e-09 -5 -5 -1e-09
9.87 -1e-09 -5 -5 -1e-09
9.88 -1e-09 -5 -5 -1e-09
9.89 -1e-09 -5 -5 -1e-09
9.9 -1e-09 -5 -5 -1e-09
9.91 -1e-09 -5 -5 -1e-09
9.92 -1e-09 -5 -5 -1e-09
9.93 -1e-09 -5 -5 -1e-09
9.94 -1e-09 -5 -5 -1e-09
9.95 -1e-09 -5 -5 -1e-09
9.96 -1e-09 -5 -5 -1e-09
9.97 -1e-09 -5 -5 -1e-09
9.98 -1e-09 -5 -5 -1e-09
9.99 -1e-09 -5 -5 -1e-09
10 -1e-09 -5 -5 -1e-09
